#Parameters = {n=0.01; f0=2856000000; lambda=0.10496934803922; l=0.0010496934803922; LL=0.01}
#"Frequency / GHz"	"S1,1 (1) [Magnitude in dB]"
#----------------------------------------------
2.8500000000000	-0.22808894023925
2.8500100000000	-0.22948229858707
2.8500200000000	-0.23082863697333
2.8500300000000	-0.23212781418644
2.8500400000000	-0.23357047088071
2.8500500000000	-0.23496421873566
2.8500600000000	-0.23630890960327
2.8500700000000	-0.23780315589334
2.8500800000000	-0.23924651090412
2.8500900000000	-0.24063881879007
2.8501000000000	-0.24218711082203
2.8501100000000	-0.24368242949632
2.8501200000000	-0.24512461043444
2.8501300000000	-0.24672958184009
2.8501400000000	-0.24827939170587
2.8501500000000	-0.24977386619937
2.8501600000000	-0.25143834200724
2.8501700000000	-0.25304535510356
2.8501800000000	-0.25459472118461
2.8501900000000	-0.25632173319059
2.8502000000000	-0.25798886098797
2.8502100000000	-0.25959590867212
2.8502200000000	-0.26138871242510
2.8502300000000	-0.26311908232501
2.8502400000000	-0.26478680961144
2.8502500000000	-0.26664890318805
2.8502600000000	-0.26844587677911
2.8502700000000	-0.27017750736951
2.8502800000000	-0.27211265213776
2.8502900000000	-0.27397984540358
2.8503000000000	-0.27577884833428
2.8503100000000	-0.27779109193026
2.8503200000000	-0.27973239763314
2.8503300000000	-0.28160250904358
2.8503400000000	-0.28369621081776
2.8503500000000	-0.28571582331312
2.8503600000000	-0.28766107060306
2.8503700000000	-0.28984092982220
2.8503800000000	-0.29194337259035
2.8503900000000	-0.29396810125170
2.8504000000000	-0.29623918838843
2.8504100000000	-0.29842934461374
2.8504200000000	-0.30053824806580
2.8504300000000	-0.30290603954496
2.8504400000000	-0.30518918611191
2.8504500000000	-0.30738733891042
2.8504600000000	-0.30985775573740
2.8504700000000	-0.31223960107249
2.8504800000000	-0.31453249591882
2.8504900000000	-0.31711194667212
2.8505000000000	-0.31959867291027
2.8505100000000	-0.32199226194504
2.8505200000000	-0.32468769068039
2.8505300000000	-0.32728600071303
2.8505400000000	-0.32978674164951
2.8505500000000	-0.33260568134393
2.8505600000000	-0.33532285137749
2.8505700000000	-0.33793775910920
2.8505800000000	-0.34088839135760
2.8505900000000	-0.34373232970410
2.8506000000000	-0.34646903411497
2.8506100000000	-0.34956025590011
2.8506200000000	-0.35253956882943
2.8506300000000	-0.35540637964343
2.8506400000000	-0.35864787811033
2.8506500000000	-0.36177194371037
2.8506600000000	-0.36477792333902
2.8506700000000	-0.36818025965107
2.8506800000000	-0.37145931078874
2.8506900000000	-0.37461435628442
2.8507000000000	-0.37818905978823
2.8507100000000	-0.38163427742114
2.8507200000000	-0.38494921280939
2.8507300000000	-0.38870888692376
2.8507400000000	-0.39233250521038
2.8507500000000	-0.39581918567250
2.8507600000000	-0.39977762712699
2.8507700000000	-0.40359305199483
2.8507800000000	-0.40726448160008
2.8507900000000	-0.41143681489598
2.8508000000000	-0.41545875799203
2.8508100000000	-0.41932922294815
2.8508200000000	-0.42373205220199
2.8508300000000	-0.42797668244664
2.8508400000000	-0.43206190214364
2.8508500000000	-0.43671348280341
2.8508600000000	-0.44119859811361
2.8508700000000	-0.44551589660939
2.8508800000000	-0.45043632992820
2.8508900000000	-0.45518155209213
2.8509000000000	-0.45975005310912
2.8509100000000	-0.46496150670146
2.8509200000000	-0.46998850285371
2.8509300000000	-0.47482935185606
2.8509400000000	-0.48035631020235
2.8509500000000	-0.48568904491340
2.8509600000000	-0.49082566242517
2.8509700000000	-0.49669521179080
2.8509800000000	-0.50236023442505
2.8509900000000	-0.50781860543211
2.8510000000000	-0.51406075839028
2.8510100000000	-0.52008753115965
2.8510200000000	-0.52589653624688
2.8510300000000	-0.53254460182534
2.8510400000000	-0.53896587484036
2.8510500000000	-0.54515766965989
2.8510600000000	-0.55224867610368
2.8510700000000	-0.55910091677498
2.8510800000000	-0.56571136755261
2.8510900000000	-0.57328654582963
2.8511000000000	-0.58061043118481
2.8511100000000	-0.58767961526218
2.8511200000000	-0.59578495274919
2.8511300000000	-0.60362593463706
2.8511400000000	-0.61119871658069
2.8511500000000	-0.61988559191071
2.8511600000000	-0.62829454673433
2.8511700000000	-0.63642124231128
2.8511800000000	-0.64574715411949
2.8511900000000	-0.65478113064324
2.8512000000000	-0.66351827303647
2.8512100000000	-0.67354767741839
2.8512200000000	-0.68327075843754
2.8512300000000	-0.69268198349433
2.8512400000000	-0.70348725733606
2.8512500000000	-0.71397155355647
2.8512600000000	-0.72412862365274
2.8512700000000	-0.73579117371704
2.8512800000000	-0.74711797117045
2.8512900000000	-0.75810196050587
2.8513000000000	-0.77071350125151
2.8513100000000	-0.78297458694500
2.8513200000000	-0.79487725477540
2.8513300000000	-0.80854128137486
2.8513400000000	-0.82184047570832
2.8513500000000	-0.83476585823750
2.8513600000000	-0.84959934518707
2.8513700000000	-0.86405427398780
2.8513800000000	-0.87812053036069
2.8513900000000	-0.89425589036982
2.8514000000000	-0.91000003413012
2.8514100000000	-0.92534158721866
2.8514200000000	-0.94292892976988
2.8514300000000	-0.96011399285615
2.8514400000000	-0.97688401125638
2.8514500000000	-0.99609374509297
2.8514600000000	-1.0148923931185
2.8514700000000	-1.0332656667869
2.8514800000000	-1.0542914956444
2.8514900000000	-1.0749005147582
2.8515000000000	-1.0950767829296
2.8515100000000	-1.1181391485163
2.8515200000000	-1.1407830856170
2.8515300000000	-1.1629908815402
2.8515400000000	-1.1883409118693
2.8515500000000	-1.2132762593230
2.8515600000000	-1.2377773414928
2.8515700000000	-1.2657013653789
2.8515800000000	-1.2932213568454
2.8515900000000	-1.3203157999108
2.8516000000000	-1.3511404888441
2.8516100000000	-1.3815805733476
2.8516200000000	-1.4116125926662
2.8516300000000	-1.4457107882105
2.8516400000000	-1.4794548462578
2.8516500000000	-1.5128194265633
2.8516600000000	-1.5506167031136
2.8516700000000	-1.5881040595999
2.8516800000000	-1.6252544485844
2.8516900000000	-1.6672364460354
2.8517000000000	-1.7089697179308
2.8517100000000	-1.7504258274364
2.8517200000000	-1.7971463634887
2.8517300000000	-1.8437001532867
2.8517400000000	-1.8900578815595
2.8517500000000	-1.9421478172849
2.8517600000000	-1.9941782238885
2.8517700000000	-2.0461196699759
2.8517800000000	-2.1042964526110
2.8517900000000	-2.1625513177852
2.8518000000000	-2.2208558018377
2.8518100000000	-2.2859335455887
2.8518200000000	-2.3512632868982
2.8518300000000	-2.4168190188094
2.8518400000000	-2.4897189100211
2.8518500000000	-2.5630877130618
2.8518600000000	-2.6369038708412
2.8518700000000	-2.7186646047988
2.8518800000000	-2.8011616674889
2.8518900000000	-2.8843805667240
2.8519000000000	-2.9761684534224
2.8519100000000	-3.0690189090467
2.8519200000000	-3.1629278845621
2.8519300000000	-3.2660462212862
2.8519400000000	-3.3706213397284
2.8519500000000	-3.4766639491844
2.8519600000000	-3.5925612794385
2.8519700000000	-3.7103875916639
2.8519800000000	-3.8301738256542
2.8519900000000	-3.9604508206747
2.8520000000000	-4.0932179658271
2.8520100000000	-4.2285333480712
2.8520200000000	-4.3749482864606
2.8520300000000	-4.5245156681389
2.8520400000000	-4.6773294721786
2.8520500000000	-4.8418026465172
2.8520600000000	-5.0102053818268
2.8520700000000	-5.1826786367553
2.8520800000000	-5.3672963898946
2.8520900000000	-5.5567514121315
2.8521000000000	-5.7512457432681
2.8521100000000	-5.9582649574072
2.8521200000000	-6.1711781331038
2.8521300000000	-6.3902663262288
2.8521400000000	-6.6221195777414
2.8521500000000	-6.8610936754401
2.8521600000000	-7.1075713009305
2.8521700000000	-7.3668688941791
2.8521800000000	-7.6347071222916
2.8521900000000	-7.9115980090733
2.8522000000000	-8.2011172211521
2.8522100000000	-8.5008085974538
2.8522200000000	-8.8113451300302
2.8522300000000	-9.1339739398613
2.8522400000000	-9.4686174096969
2.8522500000000	-9.8161390088185
2.8522600000000	-10.174697671336
2.8522700000000	-10.547263522168
2.8522800000000	-10.934898911078
2.8522900000000	-11.331656205372
2.8523000000000	-11.744343131084
2.8523100000000	-12.174156461928
2.8523200000000	-12.609620502519
2.8523300000000	-13.062256160769
2.8523400000000	-13.533129354746
2.8523500000000	-14.003194273263
2.8523600000000	-14.489498062691
2.8523700000000	-14.992239186318
2.8523800000000	-15.481941740865
2.8523900000000	-15.981591033296
2.8524000000000	-16.488960817189
2.8524100000000	-16.960958374292
2.8524200000000	-17.426289595762
2.8524300000000	-17.878466391711
2.8524400000000	-18.260765611610
2.8524500000000	-18.608155734175
2.8524600000000	-18.911694060891
2.8524700000000	-19.112068291271
2.8524800000000	-19.253748530350
2.8524900000000	-19.333746385223
2.8525000000000	-19.309371738477
2.8525100000000	-19.231590851760
2.8525200000000	-19.106001605641
2.8525300000000	-18.910964553552
2.8525400000000	-18.688947917855
2.8525500000000	-18.446486766834
2.8525600000000	-18.174011389164
2.8525700000000	-17.897028573553
2.8525800000000	-17.618932724885
2.8525900000000	-17.336209465006
2.8526000000000	-17.060142001383
2.8526100000000	-16.791723174508
2.8526200000000	-16.531294562011
2.8526300000000	-16.281216778436
2.8526400000000	-16.041418369159
2.8526500000000	-15.814941820969
2.8526600000000	-15.599115574850
2.8526700000000	-15.393542985158
2.8526800000000	-15.203079590675
2.8526900000000	-15.022345610704
2.8527000000000	-14.850918901842
2.8527100000000	-14.694782482664
2.8527200000000	-14.547171713629
2.8527300000000	-14.407736171707
2.8527400000000	-14.283089741766
2.8527500000000	-14.165838417704
2.8527600000000	-14.055722495742
2.8527700000000	-13.959642480199
2.8527800000000	-13.870013443420
2.8527900000000	-13.786659408351
2.8528000000000	-13.716534634450
2.8528100000000	-13.652122017035
2.8528200000000	-13.593316182014
2.8528300000000	-13.546969669512
2.8528400000000	-13.505787830419
2.8528500000000	-13.469723508121
2.8528600000000	-13.445424381035
2.8528700000000	-13.425911481918
2.8528800000000	-13.411186186963
2.8528900000000	-13.407622895351
2.8529000000000	-13.408615092807
2.8529100000000	-13.414205942537
2.8529200000000	-13.430450678603
2.8529300000000	-13.451150680771
2.8529400000000	-13.476386816966
2.8529500000000	-13.511863309876
2.8529600000000	-13.551813098315
2.8529700000000	-13.596352988086
2.8529800000000	-13.650812328164
2.8529900000000	-13.709873850986
2.8530000000000	-13.773690572312
2.8530100000000	-13.847196565122
2.8530200000000	-13.925541664337
2.8530300000000	-14.008917231314
2.8530400000000	-14.101841462877
2.8530500000000	-14.199951173626
2.8530600000000	-14.303479973550
2.8530700000000	-14.416506052311
2.8530800000000	-14.535178662130
2.8530900000000	-14.659779248978
2.8531000000000	-14.793914798994
2.8531100000000	-14.934280911225
2.8531200000000	-15.081213923667
2.8531300000000	-15.237806975081
2.8531400000000	-15.401347269547
2.8531500000000	-15.572233888567
2.8531600000000	-15.752985824985
2.8531700000000	-15.941541317271
2.8531800000000	-16.138368963188
2.8531900000000	-16.345325922554
2.8532000000000	-16.561077097188
2.8532100000000	-16.786161502548
2.8532200000000	-17.021642907681
2.8532300000000	-17.267003713349
2.8532400000000	-17.522836690338
2.8532500000000	-17.789207197437
2.8532600000000	-18.066511265443
2.8532700000000	-18.355333484743
2.8532800000000	-18.654407076067
2.8532900000000	-18.965110046587
2.8533000000000	-19.287848063721
2.8533100000000	-19.619456343120
2.8533200000000	-19.962249125758
2.8533300000000	-20.316038231331
2.8533400000000	-20.674785300801
2.8533500000000	-21.041400822880
2.8533600000000	-21.414211585159
2.8533700000000	-21.782728263809
2.8533800000000	-22.149610727368
2.8533900000000	-22.510217248426
2.8534000000000	-22.847782813472
2.8534100000000	-23.163807127824
2.8534200000000	-23.449798455287
2.8534300000000	-23.683375643729
2.8534400000000	-23.866715566675
2.8534500000000	-23.991285464468
2.8534600000000	-24.037172821417
2.8534700000000	-24.013991651331
2.8534800000000	-23.921557091447
2.8534900000000	-23.752369374669
2.8535000000000	-23.524949460554
2.8535100000000	-23.247340480579
2.8535200000000	-22.921655103353
2.8535300000000	-22.565787134255
2.8535400000000	-22.187783204018
2.8535500000000	-21.791389438088
2.8535600000000	-21.387558277516
2.8535700000000	-20.980764044153
2.8535800000000	-20.573756434195
2.8535900000000	-20.171173816684
2.8536000000000	-19.774747626235
2.8536100000000	-19.386635967502
2.8536200000000	-19.007544286866
2.8536300000000	-18.637824347818
2.8536400000000	-18.279641354756
2.8536500000000	-17.931525842285
2.8536600000000	-17.593264939448
2.8536700000000	-17.267286609270
2.8536800000000	-16.950951829254
2.8536900000000	-16.643863302696
2.8537000000000	-16.348751688646
2.8537100000000	-16.062349661501
2.8537200000000	-15.784233411024
2.8537300000000	-15.517392846733
2.8537400000000	-15.258225175852
2.8537500000000	-15.006338768954
2.8537600000000	-14.764919861849
2.8537700000000	-14.530193050268
2.8537800000000	-14.301816012080
2.8537900000000	-14.083112683923
2.8538000000000	-13.870228602316
2.8538100000000	-13.662871457626
2.8538200000000	-13.464455097969
2.8538300000000	-13.271101325059
2.8538400000000	-13.082562747259
2.8538500000000	-12.902306374263
2.8538600000000	-12.726463691714
2.8538700000000	-12.554825683177
2.8538800000000	-12.390885108298
2.8538900000000	-12.230803525239
2.8539000000000	-12.074403982605
2.8539100000000	-11.925184938259
2.8539200000000	-11.779350390455
2.8539300000000	-11.636749934586
2.8539400000000	-11.500873297629
2.8539500000000	-11.367974197237
2.8539600000000	-11.237924151943
2.8539700000000	-11.114193964571
2.8539800000000	-10.993091040928
2.8539900000000	-10.874505024552
2.8540000000000	-10.761880772657
2.8540100000000	-10.651581150895
2.8540200000000	-10.543510834072
2.8540300000000	-10.441084081327
2.8540400000000	-10.340719511644
2.8540500000000	-10.242334316918
2.8540600000000	-10.149309272011
2.8540700000000	-10.058118042131
2.8540800000000	-9.9686882906666
2.8540900000000	-9.8843657351482
2.8541000000000	-9.8016777051750
2.8541100000000	-9.7205606659901
2.8541200000000	-9.6443246754266
2.8541300000000	-9.5695488992434
2.8541400000000	-9.4961772358652
2.8541500000000	-9.4274841909112
2.8541600000000	-9.3600986556770
2.8541700000000	-9.2939708343864
2.8541800000000	-9.2323402972015
2.8541900000000	-9.1718833888076
2.8542000000000	-9.1125556859872
2.8542100000000	-9.0575627933875
2.8542200000000	-9.0036261669088
2.8542300000000	-8.9507059796407
2.8542400000000	-8.9019750708792
2.8542500000000	-8.8541976666016
2.8542600000000	-8.8073378877425
2.8542700000000	-8.7645371401779
2.8542800000000	-8.7226001367782
2.8542900000000	-8.6814944026543
2.8543000000000	-8.6443312937783
2.8543100000000	-8.6079538316437
2.8543200000000	-8.5723324885033
2.8543300000000	-8.5405499389430
2.8543400000000	-8.5094854797491
2.8543500000000	-8.4791121455616
2.8543600000000	-8.4524852265002
2.8543700000000	-8.4265184415275
2.8543800000000	-8.4011870638363
2.8543900000000	-8.3795201751097
2.8544000000000	-8.3584642757357
2.8544100000000	-8.3379966055166
2.8544200000000	-8.3211210487305
2.8544300000000	-8.3048154890455
2.8544400000000	-8.2890589056720
2.8544500000000	-8.2768307909681
2.8544600000000	-8.2651392856370
2.8544700000000	-8.2539649201719
2.8544800000000	-8.2462633566227
2.8544900000000	-8.2390721675195
2.8545000000000	-8.2323732811126
2.8545100000000	-8.2290988097557
2.8545200000000	-8.2263152632144
2.8545300000000	-8.2240058450827
2.8545400000000	-8.2250790807970
2.8545500000000	-8.2266302839801
2.8545600000000	-8.2286438395828
2.8545700000000	-8.2340042938127
2.8545800000000	-8.2398360240587
2.8545900000000	-8.2461245290551
2.8546000000000	-8.2557295900675
2.8546100000000	-8.2658053354259
2.8546200000000	-8.2763383350577
2.8546300000000	-8.2901623862386
2.8546400000000	-8.3044625189777
2.8546500000000	-8.3192263558576
2.8546600000000	-8.3372600157221
2.8546700000000	-8.3557810835502
2.8546800000000	-8.3747782396233
2.8546900000000	-8.3970277098525
2.8547000000000	-8.4197818321134
2.8547100000000	-8.4430303729525
2.8547200000000	-8.4695171940104
2.8547300000000	-8.4965318671315
2.8547400000000	-8.5240652976691
2.8547500000000	-8.5548249599308
2.8547600000000	-8.5861417017101
2.8547700000000	-8.6180076440924
2.8547800000000	-8.6530901090558
2.8547900000000	-8.6887650344689
2.8548000000000	-8.7250258599148
2.8548100000000	-8.7644949449115
2.8548200000000	-8.8045981909684
2.8548300000000	-8.8453304862115
2.8548400000000	-8.8892636182027
2.8548500000000	-8.9338791420632
2.8548600000000	-8.9791735537852
2.8548700000000	-9.0276615891957
2.8548800000000	-9.0768870337182
2.8548900000000	-9.1268481823081
2.8549000000000	-9.1799952914568
2.8549100000000	-9.2339419175606
2.8549200000000	-9.2886883804401
2.8549300000000	-9.3466119966893
2.8549400000000	-9.4054046834934
2.8549500000000	-9.4650690498928
2.8549600000000	-9.5278998852728
2.8549700000000	-9.5916772007126
2.8549800000000	-9.6564062016911
2.8549900000000	-9.7242883323949
2.8550000000000	-9.7932026788381
2.8550100000000	-9.8631573981832
2.8550200000000	-9.9362484251995
2.8550300000000	-10.010466266456
2.8550400000000	-10.085822440280
2.8550500000000	-10.164293732228
2.8550600000000	-10.243995910454
2.8550700000000	-10.324944325467
2.8550800000000	-10.408981352726
2.8550900000000	-10.494363505821
2.8551000000000	-10.581110508626
2.8551100000000	-10.670913279887
2.8551200000000	-10.762186372294
2.8551300000000	-10.854954504673
2.8551400000000	-10.950738119153
2.8551500000000	-11.048129101280
2.8551600000000	-11.147157878940
2.8551700000000	-11.249153209644
2.8551800000000	-11.352905823638
2.8551900000000	-11.458452678816
2.8552000000000	-11.566907204379
2.8552100000000	-11.677282956328
2.8552200000000	-11.789624367324
2.8552300000000	-11.904803172032
2.8552400000000	-12.022082493165
2.8552500000000	-12.141515326934
2.8552600000000	-12.263702290387
2.8552700000000	-12.388185912178
2.8552800000000	-12.515029008770
2.8552900000000	-12.644528208410
2.8553000000000	-12.776538778561
2.8553100000000	-12.911134809106
2.8553200000000	-13.048272160042
2.8553300000000	-13.188156128241
2.8553400000000	-13.330873760576
2.8553500000000	-13.475998917931
2.8553600000000	-13.624128721516
2.8553700000000	-13.775365129622
2.8553800000000	-13.928853678593
2.8553900000000	-14.085630258969
2.8554000000000	-14.245814014076
2.8554100000000	-14.408069971802
2.8554200000000	-14.573925651963
2.8554300000000	-14.743520033490
2.8554400000000	-14.914978684270
2.8554500000000	-15.090380436190
2.8554600000000	-15.269887200260
2.8554700000000	-15.451018281372
2.8554800000000	-15.636471408153
2.8554900000000	-15.826435048646
2.8555000000000	-16.017746297084
2.8555100000000	-16.213798549095
2.8555200000000	-16.414811081720
2.8555300000000	-16.616852142737
2.8555400000000	-16.824098277863
2.8555500000000	-17.036804569979
2.8555600000000	-17.250171255714
2.8555700000000	-17.469258042526
2.8555800000000	-17.694361701335
2.8555900000000	-17.919700572842
2.8556000000000	-18.151332221565
2.8556100000000	-18.389602041656
2.8556200000000	-18.627615273039
2.8556300000000	-18.872559266816
2.8556400000000	-19.124836228238
2.8556500000000	-19.376286703371
2.8556600000000	-19.635379998708
2.8556700000000	-19.902584809695
2.8556800000000	-20.168301414725
2.8556900000000	-20.442457002580
2.8557000000000	-20.725598216071
2.8557100000000	-21.006481353685
2.8557200000000	-21.296695257438
2.8557300000000	-21.596878102970
2.8557400000000	-21.893905624717
2.8557500000000	-22.201264626684
2.8557600000000	-22.519700972374
2.8557700000000	-22.833935109324
2.8557800000000	-23.159625974718
2.8557900000000	-23.497646429349
2.8558000000000	-23.830243090625
2.8558100000000	-24.175565026802
2.8558200000000	-24.534635393508
2.8558300000000	-24.886858716218
2.8558400000000	-25.253242655009
2.8558500000000	-25.634989235662
2.8558600000000	-26.008237000059
2.8558700000000	-26.397278606220
2.8558800000000	-26.803530947644
2.8558900000000	-27.199381028073
2.8559000000000	-27.612899812644
2.8559100000000	-28.045766206062
2.8559200000000	-28.466060925233
2.8559300000000	-28.906205681932
2.8559400000000	-29.368206170456
2.8559500000000	-29.815198617960
2.8559600000000	-30.284626973531
2.8559700000000	-30.778916889715
2.8559800000000	-31.255501747243
2.8559900000000	-31.757655531519
2.8560000000000	-32.288360577939
2.8560100000000	-32.798367933236
2.8560200000000	-33.337797107665
2.8560300000000	-33.910377512653
2.8560400000000	-34.458690121913
2.8560500000000	-35.041057860991
2.8560600000000	-35.662151438599
2.8560700000000	-36.253623598294
2.8560800000000	-36.883859692692
2.8560900000000	-37.558314339539
2.8561000000000	-38.191600682738
2.8561100000000	-38.864433224811
2.8561200000000	-39.580960579804
2.8561300000000	-40.224179817700
2.8561400000000	-40.888614397374
2.8561500000000	-41.568781937801
2.8561600000000	-42.087888058257
2.8561700000000	-42.558575404502
2.8561800000000	-42.958517027661
2.8561900000000	-43.088163310242
2.8562000000000	-43.091747100616
2.8562100000000	-42.864725325706
2.8562200000000	-42.396287770092
2.8562300000000	-41.866129367451
2.8562400000000	-41.302003926900
2.8562500000000	-40.559021593230
2.8562600000000	-39.846993167941
2.8562700000000	-39.170886580169
2.8562800000000	-38.403360350490
2.8562900000000	-37.694813338636
2.8563000000000	-37.038854018552
2.8563100000000	-36.327298860346
2.8563200000000	-35.673517899281
2.8563300000000	-35.069732023666
2.8563400000000	-34.425651205748
2.8563500000000	-33.831829993136
2.8563600000000	-33.281604869934
2.8563700000000	-32.699205458539
2.8563800000000	-32.159616840542
2.8563900000000	-31.657498479347
2.8564000000000	-31.128568811847
2.8564100000000	-30.636253377035
2.8564200000000	-30.176295315625
2.8564300000000	-29.693606322588
2.8564400000000	-29.242546332922
2.8564500000000	-28.819688001982
2.8564600000000	-28.377435267785
2.8564700000000	-27.962790091190
2.8564800000000	-27.572957843315
2.8564900000000	-27.166553381441
2.8565000000000	-26.784472378610
2.8565100000000	-26.424409727281
2.8565200000000	-26.050202771975
2.8565300000000	-25.697601057767
2.8565400000000	-25.364685078736
2.8565500000000	-25.019735275001
2.8565600000000	-24.694114024632
2.8565700000000	-24.386210827615
2.8565800000000	-24.068123491121
2.8565900000000	-23.767439457031
2.8566000000000	-23.482799650481
2.8566100000000	-23.189609592123
2.8566200000000	-22.912182883148
2.8566300000000	-22.649367774510
2.8566400000000	-22.379457499265
2.8566500000000	-22.123906576701
2.8566600000000	-21.881736280255
2.8566700000000	-21.633777993700
2.8566800000000	-21.398973703892
2.8566900000000	-21.176490706191
2.8567000000000	-20.949405021709
2.8567100000000	-20.734438172498
2.8567200000000	-20.530882057047
2.8567300000000	-20.323808813508
2.8567400000000	-20.127967762558
2.8567500000000	-19.942758359316
2.8567600000000	-19.755036648739
2.8567700000000	-19.577792700082
2.8567800000000	-19.410519991875
2.8567900000000	-19.241675607366
2.8568000000000	-19.082674897176
2.8568100000000	-18.933094733895
2.8568200000000	-18.782833986884
2.8568300000000	-18.641895137931
2.8568400000000	-18.509930305927
2.8568500000000	-18.378139665362
2.8568600000000	-18.255256906775
2.8568700000000	-18.141003454338
2.8568800000000	-18.027754811425
2.8568900000000	-17.923106554343
2.8569000000000	-17.826845526966
2.8569100000000	-17.732407121694
2.8569200000000	-17.646370170468
2.8569300000000	-17.568585062514
2.8569400000000	-17.493438208663
2.8569500000000	-17.426607835997
2.8569600000000	-17.368008063785
2.8569700000000	-17.312869692053
2.8569800000000	-17.266085598826
2.8569900000000	-17.227635988861
2.8570000000000	-17.193486475289
2.8570100000000	-17.167863908699
2.8570200000000	-17.150819212066
2.8570300000000	-17.138933479973
2.8570400000000	-17.135896867804
2.8570500000000	-17.141837851771
2.8570600000000	-17.153814245797
2.8570700000000	-17.175126225112
2.8570800000000	-17.205988159993
2.8570900000000	-17.243761693652
2.8571000000000	-17.291530264696
2.8571100000000	-17.349601590449
2.8571200000000	-17.415410508237
2.8571300000000	-17.492034248854
2.8571400000000	-17.579873754658
2.8571500000000	-17.676108885689
2.8571600000000	-17.784068977461
2.8571700000000	-17.904223351978
2.8571800000000	-18.033001634640
2.8571900000000	-18.174295023648
2.8572000000000	-18.328549948079
2.8572100000000	-18.490660015384
2.8572200000000	-18.665418957403
2.8572300000000	-18.852997614831
2.8572400000000	-19.045466801213
2.8572500000000	-19.248816804780
2.8572600000000	-19.462342185028
2.8572700000000	-19.673216065209
2.8572800000000	-19.888732373932
2.8572900000000	-20.106143868143
2.8573000000000	-20.304845187881
2.8573100000000	-20.493458209150
2.8573200000000	-20.665884393763
2.8573300000000	-20.791818121031
2.8573400000000	-20.882711179449
2.8573500000000	-20.930486435546
2.8573600000000	-20.899655605173
2.8573700000000	-20.810119372549
2.8573800000000	-20.658796287100
2.8573900000000	-20.417349954924
2.8574000000000	-20.117657966289
2.8574100000000	-19.765468964566
2.8574200000000	-19.345041978264
2.8574300000000	-18.890720700671
2.8574400000000	-18.410540772980
2.8574500000000	-17.895948811546
2.8574600000000	-17.372606959666
2.8574700000000	-16.845469209984
2.8574800000000	-16.309251951621
2.8574900000000	-15.778831347417
2.8575000000000	-15.256100443578
2.8575100000000	-14.738510165756
2.8575200000000	-14.232619042512
2.8575300000000	-13.738704286333
2.8575400000000	-13.256997893033
2.8575500000000	-12.788391679279
2.8575600000000	-12.332531072609
2.8575700000000	-11.892196569936
2.8575800000000	-11.464459272130
2.8575900000000	-11.048795252982
2.8576000000000	-10.650115100878
2.8576100000000	-10.262861115028
2.8576200000000	-9.8865207971123
2.8576300000000	-9.5276817150404
2.8576400000000	-9.1789472526229
2.8576500000000	-8.8398732540113
2.8576600000000	-8.5183059726937
2.8576700000000	-8.2055648259581
2.8576800000000	-7.9012823133310
2.8576900000000	-7.6141999787668
2.8577000000000	-7.3347673847755
2.8577100000000	-7.0626855583144
2.8577200000000	-6.8072838558972
2.8577300000000	-6.5584658402030
2.8577400000000	-6.3159893339358
2.8577500000000	-6.0895155468569
2.8577600000000	-5.8686624111456
2.8577700000000	-5.6532338155841
2.8577800000000	-5.4530131620794
2.8577900000000	-5.2575438519228
2.8578000000000	-5.0666673130661
2.8578100000000	-4.8901207999328
2.8578200000000	-4.7175429403250
2.8578300000000	-4.5488062600224
2.8578400000000	-4.3934701265862
2.8578500000000	-4.2414019074341
2.8578600000000	-4.0925003481769
2.8578700000000	-3.9560471873589
2.8578800000000	-3.8222398901794
2.8578900000000	-3.6909995717485
2.8579000000000	-3.5712580711335
2.8579100000000	-3.4536160705627
2.8579200000000	-3.3380138275585
2.8579300000000	-3.2329840963661
2.8579400000000	-3.1295796560749
2.8579500000000	-3.0277570542156
2.8579600000000	-2.9356197212957
2.8579700000000	-2.8447012112126
2.8579800000000	-2.7549717626197
2.8579900000000	-2.6740904055421
2.8580000000000	-2.5940838569106
2.8580100000000	-2.5149336624463
2.8580200000000	-2.4438510392038
2.8580300000000	-2.3733557365159
2.8580400000000	-2.3034384411011
2.8580500000000	-2.2408685015832
2.8580600000000	-2.1786486233629
2.8580700000000	-2.1167767037740
2.8580800000000	-2.0615922443356
2.8580900000000	-2.0065645261740
2.8581000000000	-1.9516969742927
2.8581100000000	-1.9029159459961
2.8581200000000	-1.8541362076864
2.8581300000000	-1.8053652793816
2.8581400000000	-1.7621360432633
2.8581500000000	-1.7187848603444
2.8581600000000	-1.6753221542798
2.8581700000000	-1.6369087438292
2.8581800000000	-1.5982772392620
2.8581900000000	-1.5594399995403
2.8582000000000	-1.5252080037294
2.8582100000000	-1.4906843121148
2.8582200000000	-1.4558824495099
2.8582300000000	-1.4252859010470
2.8582400000000	-1.3943426440294
2.8582500000000	-1.3630667716760
2.8582600000000	-1.3356362460846
2.8582700000000	-1.3078191931821
2.8582800000000	-1.2796298220231
2.8582900000000	-1.2549618227041
2.8583000000000	-1.2298797935709
2.8583100000000	-1.2043977262142
2.8583200000000	-1.1821453421567
2.8583300000000	-1.1594613272293
2.8583400000000	-1.1363592184742
2.8583500000000	-1.1162239857070
2.8583600000000	-1.0956474132794
2.8583700000000	-1.0746424227216
2.8583800000000	-1.0563672895813
2.8583900000000	-1.0376473406136
2.8584000000000	-1.0184947800280
2.8584100000000	-1.0018580623155
2.8584200000000	-0.98477792293148
2.8584300000000	-0.96726579207212
2.8584400000000	-0.95207600151598
2.8584500000000	-0.93644794180505
2.8584600000000	-0.92039224615725
2.8584700000000	-0.90648367999963
2.8584800000000	-0.89214485263202
2.8584900000000	-0.87738560195509
2.8585000000000	-0.86461458981867
2.8585100000000	-0.85142345026355
2.8585200000000	-0.83782124502426
2.8585300000000	-0.82606295950441
2.8585400000000	-0.81389621960926
2.8585500000000	-0.80132934200043
2.8585600000000	-0.79047509026512
2.8585700000000	-0.77922512724181
2.8585800000000	-0.76758706332160
2.8585900000000	-0.75754198762700
2.8586000000000	-0.74711464055852
2.8586100000000	-0.73631196956982
2.8586200000000	-0.72699309446470
2.8586300000000	-0.71730578974786
2.8586400000000	-0.70725638542763
2.8586500000000	-0.69859095838871
2.8586600000000	-0.68957111392558
2.8586700000000	-0.68020261054344
2.8586800000000	-0.67212669069043
2.8586900000000	-0.66371035608934
2.8587000000000	-0.65495883892056
2.8587100000000	-0.64741609536054
2.8587200000000	-0.63954679186999
2.8587300000000	-0.63135567788770
2.8587400000000	-0.62429636520054
2.8587500000000	-0.61692409469272
2.8587600000000	-0.60924317450169
2.8587700000000	-0.60262325795766
2.8587800000000	-0.59570365503681
2.8587900000000	-0.58848827155014
2.8588000000000	-0.58226867897616
2.8588100000000	-0.57576228436431
2.8588200000000	-0.56897262753589
2.8588300000000	-0.56311860840037
2.8588400000000	-0.55699024516915
2.8588500000000	-0.55059074531943
2.8588600000000	-0.54507132068923
2.8588700000000	-0.53928955781861
2.8588800000000	-0.53324836282426
2.8588900000000	-0.52803585243456
2.8589000000000	-0.52257254261149
2.8589100000000	-0.51686106651553
2.8589200000000	-0.51193068137010
2.8589300000000	-0.50676056199520
2.8589400000000	-0.50135309453690
2.8589500000000	-0.49668258528300
2.8589600000000	-0.49178293337070
2.8589700000000	-0.48665630155917
2.8589800000000	-0.48222565440365
2.8589900000000	-0.47757598751450
2.8590000000000	-0.47270926172965
2.8590100000000	-0.46850043495255
2.8590200000000	-0.46408225150593
2.8590300000000	-0.45945648976843
2.8590400000000	-0.45545318496073
2.8590500000000	-0.45124973829404
2.8590600000000	-0.44684776330548
2.8590700000000	-0.44303522636116
2.8590800000000	-0.43903132776357
2.8590900000000	-0.43483753213728
2.8591000000000	-0.43120237978663
2.8591100000000	-0.42738422645210
2.8591200000000	-0.42338440223145
2.8591300000000	-0.41991447053954
2.8591400000000	-0.41626949499104
2.8591500000000	-0.41245068414005
2.8591600000000	-0.40913489592909
2.8591700000000	-0.40565163397754
2.8591800000000	-0.40200199700581
2.8591900000000	-0.39883024561136
2.8592000000000	-0.39549822034438
2.8592100000000	-0.39200692064661
2.8592200000000	-0.38896996779985
2.8592300000000	-0.38577958745695
2.8592400000000	-0.38243668929517
2.8592500000000	-0.37952607524046
2.8592600000000	-0.37646854314371
2.8592700000000	-0.37326492149116
2.8592800000000	-0.37047288572520
2.8592900000000	-0.36754012069358
2.8593000000000	-0.36446738141581
2.8593100000000	-0.36178679266123
2.8593200000000	-0.35897135855589
2.8593300000000	-0.35602176761250
2.8593400000000	-0.35344606183620
2.8593500000000	-0.35074110507736
2.8593600000000	-0.34790752561433
2.8593700000000	-0.34543065106563
2.8593800000000	-0.34282984511796
2.8593900000000	-0.34010568146826
2.8594000000000	-0.33772204985473
2.8594100000000	-0.33521954581711
2.8594200000000	-0.33259869356756
2.8594300000000	-0.33030313660531
2.8594400000000	-0.32789351915619
2.8594500000000	-0.32537032054359
2.8594600000000	-0.32315805122325
2.8594700000000	-0.32083629927416
2.8594800000000	-0.31840550327667
2.8594900000000	-0.31627208127398
2.8595000000000	-0.31403353276777
2.8595100000000	-0.31169025933652
2.8595200000000	-0.30963156007071
2.8595300000000	-0.30747188043543
2.8595400000000	-0.30521158838569
2.8595500000000	-0.30322377529514
2.8595600000000	-0.30113892912871
2.8595700000000	-0.29895738726834
2.8595800000000	-0.29703688692881
2.8595900000000	-0.29502311254086
2.8596000000000	-0.29291637366996
2.8596100000000	-0.29105985342663
2.8596200000000	-0.28911363991432
2.8596300000000	-0.28707801737450
2.8596400000000	-0.28528236520256
2.8596500000000	-0.28340043177542
2.8596600000000	-0.28143247826472
2.8596700000000	-0.27969478460808
2.8596800000000	-0.27787406191299
2.8596900000000	-0.27597055032154
2.8597000000000	-0.27428809169016
2.8597100000000	-0.27252570491754
2.8597200000000	-0.27068361096380
2.8597300000000	-0.26905383509647
2.8597400000000	-0.26734708867533
2.8597500000000	-0.26556357515216
2.8597600000000	-0.26398408757677
2.8597700000000	-0.26233045128936
2.8597800000000	-0.26060285375061
2.8597900000000	-0.25907140559076
2.8598000000000	-0.25746850195644
2.8598100000000	-0.25579431569411
2.8598200000000	-0.25430879259186
2.8598300000000	-0.25275438538989
2.8598400000000	-0.25113125356939
2.8598500000000	-0.24968966560789
2.8598600000000	-0.24818164942030
2.8598700000000	-0.24660735225685
2.8598800000000	-0.24520782477921
2.8598900000000	-0.24374421545140
2.8599000000000	-0.24221666032373
2.8599100000000	-0.24085742555771
2.8599200000000	-0.23943635148462
2.8599300000000	-0.23795356389199
2.8599400000000	-0.23663295329953
2.8599500000000	-0.23525264745556
2.8599600000000	-0.23381276273768
2.8599700000000	-0.23252920001742
2.8599800000000	-0.23118799265762
2.8599900000000	-0.22978924840230
2.8600000000000	-0.22854124308088
