#Parameters = {n=0.01; f0=2856000000; lambda=0.10496934803922; l=0.0010496934803922; LL=0.03}
#"Frequency / GHz"	"S1,1 (3) [Magnitude in dB]"
#----------------------------------------------
2.8500000000000	-0.24467634989597
2.8500100000000	-0.24640148654099
2.8500200000000	-0.24806275229152
2.8500300000000	-0.24965998507144
2.8500400000000	-0.25144852623018
2.8500500000000	-0.25317051305522
2.8500600000000	-0.25482576821817
2.8500700000000	-0.25668119915793
2.8500800000000	-0.25846724600328
2.8500900000000	-0.26018371456068
2.8501000000000	-0.26210977790746
2.8501100000000	-0.26396347167926
2.8501200000000	-0.26574458301675
2.8501300000000	-0.26774530261466
2.8501400000000	-0.26967050138742
2.8501500000000	-0.27151994579773
2.8501600000000	-0.27359965322195
2.8501700000000	-0.27560051205757
2.8501800000000	-0.27752226584022
2.8501900000000	-0.27968562990817
2.8502000000000	-0.28176662963215
2.8502100000000	-0.28376498310179
2.8502200000000	-0.28601704277695
2.8502300000000	-0.28818302210019
2.8502400000000	-0.29026261089502
2.8502500000000	-0.29260881203388
2.8502600000000	-0.29486500347685
2.8502700000000	-0.29703084361929
2.8502800000000	-0.29947708008392
2.8502900000000	-0.30182915022190
2.8503000000000	-0.30408667745226
2.8503100000000	-0.30663933718763
2.8503200000000	-0.30909343182044
2.8503300000000	-0.31144854580876
2.8503400000000	-0.31411456258102
2.8503500000000	-0.31667735752556
2.8503600000000	-0.31913647166185
2.8503700000000	-0.32192338325722
2.8503800000000	-0.32460214157022
2.8503900000000	-0.32717223914537
2.8504000000000	-0.33008825296698
2.8504100000000	-0.33289088954134
2.8504200000000	-0.33557958726897
2.8504300000000	-0.33863365441134
2.8504400000000	-0.34156880903748
2.8504500000000	-0.34438442902009
2.8504600000000	-0.34758632808620
2.8504700000000	-0.35066344826269
2.8504800000000	-0.35361509969742
2.8504900000000	-0.35697553183328
2.8505000000000	-0.36020496681609
2.8505100000000	-0.36330263895470
2.8505200000000	-0.36683333582409
2.8505300000000	-0.37022644367372
2.8505400000000	-0.37348111181801
2.8505500000000	-0.37719495854289
2.8505600000000	-0.38076422822652
2.8505700000000	-0.38418797485389
2.8505800000000	-0.38809915029365
2.8505900000000	-0.39185834126693
2.8506000000000	-0.39546449475895
2.8506100000000	-0.39958863193168
2.8506200000000	-0.40355293406489
2.8506300000000	-0.40735622796331
2.8506400000000	-0.41171059790560
2.8506500000000	-0.41589681513507
2.8506600000000	-0.41991357138678
2.8506700000000	-0.42451729436440
2.8506800000000	-0.42894405608399
2.8506900000000	-0.43319239639157
2.8507000000000	-0.43806668508674
2.8507100000000	-0.44275469003893
2.8507200000000	-0.44725478021203
2.8507300000000	-0.45242322038853
2.8507400000000	-0.45739551873181
2.8507500000000	-0.46216985188138
2.8507600000000	-0.46765872707318
2.8507700000000	-0.47294104738456
2.8507800000000	-0.47801477294225
2.8507900000000	-0.48385344097392
2.8508000000000	-0.48947457027692
2.8508100000000	-0.49487587720723
2.8508200000000	-0.50109720788036
2.8508300000000	-0.50708943438573
2.8508400000000	-0.51284999862718
2.8508500000000	-0.51949088374534
2.8508600000000	-0.52589051392270
2.8508700000000	-0.53204602214129
2.8508800000000	-0.53914797128797
2.8508900000000	-0.54599593525141
2.8509000000000	-0.55258669945654
2.8509100000000	-0.56019653762866
2.8509200000000	-0.56753909966122
2.8509300000000	-0.57461078024473
2.8509400000000	-0.58278146674375
2.8509500000000	-0.59067106126669
2.8509600000000	-0.59827551969854
2.8509700000000	-0.60706711163929
2.8509800000000	-0.61556332913265
2.8509900000000	-0.62375963600238
2.8510000000000	-0.63324042462938
2.8510100000000	-0.64241117714559
2.8510200000000	-0.65126680667151
2.8510300000000	-0.66151466050362
2.8510400000000	-0.67143756260192
2.8510500000000	-0.68102981132559
2.8510600000000	-0.69213376719899
2.8510700000000	-0.70289777565677
2.8510800000000	-0.71331545104249
2.8510900000000	-0.72537760261800
2.8511000000000	-0.73708496733360
2.8511100000000	-0.74843040164216
2.8511200000000	-0.76156814511298
2.8511300000000	-0.77433673447522
2.8511400000000	-0.78672819091595
2.8511500000000	-0.80107689979982
2.8511600000000	-0.81504297679558
2.8511700000000	-0.82861752881054
2.8511800000000	-0.84433374399206
2.8511900000000	-0.85965528460987
2.8512000000000	-0.87457226552191
2.8512100000000	-0.89183750342705
2.8512200000000	-0.90869816677854
2.8512300000000	-0.92514330613180
2.8512400000000	-0.94416860696415
2.8512500000000	-0.96278248690864
2.8512600000000	-0.98097287160960
2.8512700000000	-1.0020042308524
2.8512800000000	-1.0226215415956
2.8512900000000	-1.0428115641353
2.8513000000000	-1.0661364132769
2.8513100000000	-1.0890502855260
2.8513200000000	-1.1115387671633
2.8513300000000	-1.1374936923875
2.8513400000000	-1.1630482805901
2.8513500000000	-1.1881869825665
2.8513600000000	-1.2171668904091
2.8513700000000	-1.2457670124002
2.8513800000000	-1.2739707695910
2.8513900000000	-1.3064397217365
2.8514000000000	-1.3385622646859
2.8514100000000	-1.3703209879939
2.8514200000000	-1.4068249266337
2.8514300000000	-1.4430322497628
2.8514400000000	-1.4789250372198
2.8514500000000	-1.5201065967881
2.8514600000000	-1.5610621299048
2.8514700000000	-1.6017736885415
2.8514800000000	-1.6483892243642
2.8514900000000	-1.6948753852079
2.8515000000000	-1.7412148780732
2.8515100000000	-1.7941537163336
2.8515200000000	-1.8470921263669
2.8515300000000	-1.9000143969649
2.8515400000000	-1.9603200981308
2.8515500000000	-2.0207938386498
2.8515600000000	-2.0814226998489
2.8515700000000	-2.1503158007595
2.8515800000000	-2.2195930900056
2.8515900000000	-2.2892459670965
2.8516000000000	-2.3681472014239
2.8516100000000	-2.4477053673801
2.8516200000000	-2.5279180372928
2.8516300000000	-2.6184704248113
2.8516400000000	-2.7100183999482
2.8516500000000	-2.8025678823345
2.8516600000000	-2.9066553603859
2.8516700000000	-3.0121521862086
2.8516800000000	-3.1190750890316
2.8516900000000	-3.2388346460732
2.8517000000000	-3.3605007852098
2.8517100000000	-3.4841037557646
2.8517200000000	-3.6219275349476
2.8517300000000	-3.7622454007842
2.8517400000000	-3.9051040745347
2.8517500000000	-4.0636279867961
2.8517600000000	-4.2253283896181
2.8517700000000	-4.3902717689518
2.8517800000000	-4.5723482054047
2.8517900000000	-4.7583808000169
2.8518000000000	-4.9484597467620
2.8518100000000	-5.1571143499183
2.8518200000000	-5.3706029313698
2.8518300000000	-5.5890446142254
2.8518400000000	-5.8274207310257
2.8518500000000	-6.0716081682388
2.8518600000000	-6.3217624796581
2.8518700000000	-6.5930611029611
2.8518800000000	-6.8712527733429
2.8518900000000	-7.1565405601910
2.8519000000000	-7.4639664092772
2.8519100000000	-7.7794829801871
2.8519200000000	-8.1033568163092
2.8519300000000	-8.4500795863498
2.8519400000000	-8.8062263424259
2.8519500000000	-9.1721485038530
2.8519600000000	-9.5612776701405
2.8519700000000	-9.9613231069211
2.8519800000000	-10.372746336920
2.8519900000000	-10.807291141245
2.8520000000000	-11.254413569057
2.8520100000000	-11.714707255819
2.8520200000000	-12.197436946443
2.8520300000000	-12.694526474422
2.8520400000000	-13.206700300303
2.8520500000000	-13.739702702745
2.8520600000000	-14.288756655283
2.8520700000000	-14.854642043797
2.8520800000000	-15.438134649352
2.8520900000000	-16.038673108506
2.8521000000000	-16.656825514881
2.8521100000000	-17.286291829822
2.8521200000000	-17.931631648122
2.8521300000000	-18.592514884678
2.8521400000000	-19.252525895263
2.8521500000000	-19.922065826521
2.8521600000000	-20.598584226570
2.8521700000000	-21.251913166211
2.8521800000000	-21.898999363757
2.8521900000000	-22.533875765973
2.8522000000000	-23.111472907750
2.8522100000000	-23.657777397541
2.8522200000000	-24.165926177052
2.8522300000000	-24.584015929167
2.8522400000000	-24.952650118221
2.8522500000000	-25.271660476308
2.8522600000000	-25.496753209271
2.8522700000000	-25.682070039719
2.8522800000000	-25.835289176207
2.8522900000000	-25.922338775531
2.8523000000000	-25.997737491326
2.8523100000000	-26.069566937503
2.8523200000000	-26.106503317560
2.8523300000000	-26.154960517299
2.8523400000000	-26.219561962808
2.8523500000000	-26.266193583656
2.8523600000000	-26.334506190700
2.8523700000000	-26.425742796557
2.8523800000000	-26.499267457173
2.8523900000000	-26.591979256384
2.8524000000000	-26.701540764730
2.8524100000000	-26.777118431383
2.8524200000000	-26.855635788846
2.8524300000000	-26.930111224499
2.8524400000000	-26.938928096463
2.8524500000000	-26.921506242420
2.8524600000000	-26.868355318869
2.8524700000000	-26.717553210769
2.8524800000000	-26.515439345153
2.8524900000000	-26.258537328819
2.8525000000000	-25.903349372293
2.8525100000000	-25.500869298566
2.8525200000000	-25.056293058033
2.8525300000000	-24.548588816926
2.8525400000000	-24.018894265494
2.8525500000000	-23.473423624049
2.8525600000000	-22.904324416904
2.8525700000000	-22.334748058200
2.8525800000000	-21.767835134485
2.8525900000000	-21.202655403642
2.8526000000000	-20.647354020862
2.8526100000000	-20.102722161454
2.8526200000000	-19.572357057579
2.8526300000000	-19.054883113539
2.8526400000000	-18.550066293251
2.8526500000000	-18.064716675589
2.8526600000000	-17.591974333725
2.8526700000000	-17.131308375498
2.8526800000000	-16.691722064788
2.8526900000000	-16.263313678052
2.8527000000000	-15.845546518474
2.8527100000000	-15.448821998150
2.8527200000000	-15.061617664450
2.8527300000000	-14.683481293836
2.8527400000000	-14.325625036683
2.8527500000000	-13.975741953634
2.8527600000000	-13.633477648242
2.8527700000000	-13.310436111929
2.8527800000000	-12.994030576139
2.8527900000000	-12.683992777255
2.8528000000000	-12.392025381834
2.8528100000000	-12.105573764167
2.8528200000000	-11.824438619622
2.8528300000000	-11.560218513242
2.8528400000000	-11.300586894758
2.8528500000000	-11.045397391432
2.8528600000000	-10.806005951039
2.8528700000000	-10.570437466348
2.8528800000000	-10.338585368859
2.8528900000000	-10.121470243539
2.8529000000000	-9.9075447655106
2.8529100000000	-9.6967319896663
2.8529200000000	-9.4996572361605
2.8529300000000	-9.3052458428719
2.8529400000000	-9.1134427954596
2.8529500000000	-8.9344420187576
2.8529600000000	-8.7576647904556
2.8529700000000	-8.5830722886274
2.8529800000000	-8.4204082389916
2.8529900000000	-8.2595980059087
2.8530000000000	-8.1006147056215
2.8530100000000	-7.9527457343794
2.8530200000000	-7.8064179647205
2.8530300000000	-7.6616133046885
2.8530400000000	-7.5271659470434
2.8530500000000	-7.3939940657558
2.8530600000000	-7.2620860340215
2.8530700000000	-7.1398326743243
2.8530800000000	-7.0186278678340
2.8530900000000	-6.8984647300870
2.8531000000000	-6.7873053274183
2.8531100000000	-6.6769999260495
2.8531200000000	-6.5675451050049
2.8531300000000	-6.4664921001411
2.8531400000000	-6.3661257632084
2.8531500000000	-6.2664451841416
2.8531600000000	-6.1746108791299
2.8531700000000	-6.0833189607993
2.8531800000000	-5.9925703175150
2.8531900000000	-5.9091561773211
2.8532000000000	-5.8261597922789
2.8532100000000	-5.7435833137803
2.8532200000000	-5.6678707730122
2.8532300000000	-5.5924681989652
2.8532400000000	-5.5173786016487
2.8532500000000	-5.4487210651989
2.8532600000000	-5.3802802123482
2.8532700000000	-5.3120596046893
2.8532800000000	-5.2498754124848
2.8532900000000	-5.1878271612889
2.8533000000000	-5.1259187299991
2.8533100000000	-5.0696850605045
2.8533200000000	-5.0135174643696
2.8533300000000	-4.9574199582001
2.8533400000000	-4.9066668208481
2.8533500000000	-4.8559193476353
2.8533600000000	-4.8051815547685
2.8533700000000	-4.7594872337607
2.8533800000000	-4.7137464081754
2.8533900000000	-4.6679629873200
2.8534000000000	-4.6269494001516
2.8534100000000	-4.5858443331439
2.8534200000000	-4.5446515065082
2.8534300000000	-4.5079801574818
2.8534400000000	-4.4711786431148
2.8534500000000	-4.4342504311636
2.8534600000000	-4.4016187658017
2.8534700000000	-4.3688237580988
2.8534800000000	-4.3358685747021
2.8534900000000	-4.3070066967629
2.8535000000000	-4.2779531321351
2.8535100000000	-4.2487107092376
2.8535200000000	-4.2233784272308
2.8535300000000	-4.1978303623672
2.8535400000000	-4.1720689768339
2.8535500000000	-4.1500531508207
2.8535600000000	-4.1278011891306
2.8535700000000	-4.1053151669407
2.8535800000000	-4.0864273292735
2.8535900000000	-4.0672863113595
2.8536000000000	-4.0478937863397
2.8536100000000	-4.0319680123243
2.8536200000000	-4.0157749479184
2.8536300000000	-3.9993158537978
2.8536400000000	-3.9862068602043
2.8536500000000	-3.9728190806992
2.8536600000000	-3.9591533567504
2.8536700000000	-3.9487348078034
2.8536800000000	-3.9380283199990
2.8536900000000	-3.9270343118140
2.8537000000000	-3.9191973138579
2.8537100000000	-3.9110653369487
2.8537200000000	-3.9026383751835
2.8537300000000	-3.8972901426331
2.8537400000000	-3.8916418117677
2.8537500000000	-3.8856929528697
2.8537600000000	-3.8827556294195
2.8537700000000	-3.8795148504164
2.8537800000000	-3.8759697645007
2.8537900000000	-3.8753793848028
2.8538000000000	-3.8744838257628
2.8538100000000	-3.8732818179017
2.8538200000000	-3.8749873961043
2.8538300000000	-3.8763876027709
2.8538400000000	-3.8774807549858
2.8538500000000	-3.8814434875981
2.8538600000000	-3.8851021103305
2.8538700000000	-3.8884545325409
2.8538800000000	-3.8946471040854
2.8538900000000	-3.9005382252493
2.8539000000000	-3.9061254043211
2.8539100000000	-3.9145313851311
2.8539200000000	-3.9226399365638
2.8539300000000	-3.9304481733993
2.8539400000000	-3.9410614997318
2.8539500000000	-3.9513827607023
2.8539600000000	-3.9614086860469
2.8539700000000	-3.9742332133863
2.8539800000000	-3.9867723801481
2.8539900000000	-3.9990225404194
2.8540000000000	-4.0140716614883
2.8540100000000	-4.0288434801197
2.8540200000000	-4.0433339851297
2.8540300000000	-4.0606303046471
2.8540400000000	-4.0776587593741
2.8540500000000	-4.0944149842949
2.8540600000000	-4.1139900430121
2.8540700000000	-4.1333080926631
2.8540800000000	-4.1523644270046
2.8540900000000	-4.1742584679094
2.8541000000000	-4.1959078235092
2.8541100000000	-4.2173074602152
2.8541200000000	-4.2415692301713
2.8541300000000	-4.2656001670013
2.8541400000000	-4.2893949250731
2.8541500000000	-4.3160815054150
2.8541600000000	-4.3425527031518
2.8541700000000	-4.3688028774805
2.8541800000000	-4.3979795373609
2.8541900000000	-4.4269579421293
2.8542000000000	-4.4557321744196
2.8542100000000	-4.4874722409481
2.8542200000000	-4.5190329433746
2.8542300000000	-4.5504081083135
2.8542400000000	-4.5847928477422
2.8542500000000	-4.6190189713295
2.8542600000000	-4.6530800723552
2.8542700000000	-4.6901985768722
2.8542800000000	-4.7271811712928
2.8542900000000	-4.7640212406140
2.8543000000000	-4.8039703155820
2.8543100000000	-4.8438082497980
2.8543200000000	-4.8835282476615
2.8543300000000	-4.9264122945420
2.8543400000000	-4.9692121450648
2.8543500000000	-5.0119208536499
2.8543600000000	-5.0578517443204
2.8543700000000	-5.1037276744492
2.8543800000000	-5.1495415823544
2.8543900000000	-5.1986385211450
2.8544000000000	-5.2477121476048
2.8544100000000	-5.2967553214931
2.8544200000000	-5.3491446919883
2.8544300000000	-5.4015449362464
2.8544400000000	-5.4539488771228
2.8544500000000	-5.5097640717133
2.8544600000000	-5.5656269941477
2.8544700000000	-5.6215304766704
2.8544800000000	-5.6809117079530
2.8544900000000	-5.7403803242482
2.8545000000000	-5.7999292187762
2.8545100000000	-5.8630233131494
2.8545200000000	-5.9262473936398
2.8545300000000	-5.9895944720635
2.8545400000000	-6.0565546474565
2.8545500000000	-6.1236905017198
2.8545600000000	-6.1909952297918
2.8545700000000	-6.2619808610943
2.8545800000000	-6.3331911118382
2.8545900000000	-6.4046194325697
2.8546000000000	-6.4797958102589
2.8546100000000	-6.5552491624978
2.8546200000000	-6.6309732771218
2.8546300000000	-6.7105113665929
2.8546400000000	-6.7903823802417
2.8546500000000	-6.8705805354864
2.8546600000000	-6.9546567467646
2.8546700000000	-7.0391256228633
2.8546800000000	-7.1239819153912
2.8546900000000	-7.2127778950373
2.8547000000000	-7.3020302881696
2.8547100000000	-7.3917344994322
2.8547200000000	-7.4854372524256
2.8547300000000	-7.5796644241694
2.8547400000000	-7.6744122077376
2.8547500000000	-7.7732131163410
2.8547600000000	-7.8726109655549
2.8547700000000	-7.9726028911567
2.8547800000000	-8.0766985085151
2.8547900000000	-8.1814684200663
2.8548000000000	-8.2869108806170
2.8548100000000	-8.3965026962416
2.8548200000000	-8.5068513434727
2.8548300000000	-8.6179563977416
2.8548400000000	-8.7332509889258
2.8548500000000	-8.8493905355105
2.8548600000000	-8.9663761641993
2.8548700000000	-9.0875854802227
2.8548800000000	-9.2097339227493
2.8548900000000	-9.3328244337405
2.8549000000000	-9.4601662353846
2.8549100000000	-9.5885479098961
2.8549200000000	-9.7179745166380
2.8549300000000	-9.8516729937942
2.8549400000000	-9.9865192696476
2.8549500000000	-10.122520866737
2.8549600000000	-10.262807456846
2.8549700000000	-10.404357641318
2.8549800000000	-10.547181801611
2.8549900000000	-10.694296231243
2.8550000000000	-10.842798708110
2.8550100000000	-10.992702925373
2.8550200000000	-11.146894497056
2.8550300000000	-11.302608122042
2.8550400000000	-11.459861323335
2.8550500000000	-11.621390469223
2.8550600000000	-11.784586245236
2.8550700000000	-11.949470597247
2.8550800000000	-12.118610721265
2.8550900000000	-12.289573776486
2.8551000000000	-12.462386810607
2.8551100000000	-12.639426441116
2.8551200000000	-12.818458333897
2.8551300000000	-12.999515416386
2.8551400000000	-13.184760692522
2.8551500000000	-13.372182068665
2.8551600000000	-13.561819244146
2.8551700000000	-13.755596761145
2.8551800000000	-13.951750392013
2.8551900000000	-14.150327632422
2.8552000000000	-14.352987674588
2.8552100000000	-14.558241908462
2.8552200000000	-14.766146804200
2.8552300000000	-14.978066999101
2.8552400000000	-15.192819664098
2.8552500000000	-15.410471601353
2.8552600000000	-15.632061035198
2.8552700000000	-15.856743839752
2.8552800000000	-16.084598716526
2.8552900000000	-16.316302559614
2.8553000000000	-16.551386046314
2.8553100000000	-16.789941591425
2.8553200000000	-17.032246293170
2.8553300000000	-17.278245414360
2.8553400000000	-17.528047187702
2.8553500000000	-17.781486314429
2.8553600000000	-18.038966713145
2.8553700000000	-18.300614882872
2.8553800000000	-18.565775688000
2.8553900000000	-18.835360786558
2.8554000000000	-19.109517800317
2.8554100000000	-19.387048636383
2.8554200000000	-19.669427657173
2.8554300000000	-19.956826949423
2.8554400000000	-20.247445655062
2.8554500000000	-20.543382725074
2.8554600000000	-20.844838633281
2.8554700000000	-21.149342056512
2.8554800000000	-21.459686578363
2.8554900000000	-21.776105676250
2.8555000000000	-22.095380528326
2.8555100000000	-22.421079038381
2.8555200000000	-22.753473137178
2.8555300000000	-23.088508410280
2.8555400000000	-23.430618187507
2.8555500000000	-23.780119305009
2.8555600000000	-24.132020532044
2.8555700000000	-24.491725272187
2.8555800000000	-24.859602926369
2.8555900000000	-25.229608612303
2.8556000000000	-25.608236538399
2.8556100000000	-25.995917786014
2.8556200000000	-26.385418396740
2.8556300000000	-26.784463238749
2.8556400000000	-27.193555946024
2.8556500000000	-27.604115897761
2.8556600000000	-28.025261233730
2.8556700000000	-28.457581129413
2.8556800000000	-28.890964267577
2.8556900000000	-29.336111760299
2.8557000000000	-29.793713856092
2.8557100000000	-30.251912917459
2.8557200000000	-30.723214964763
2.8557300000000	-31.208429885047
2.8557400000000	-31.693700328682
2.8557500000000	-32.193597474658
2.8557600000000	-32.709072987587
2.8557700000000	-33.223971183237
2.8557800000000	-33.755234084313
2.8557900000000	-34.303981372067
2.8558000000000	-34.851406030912
2.8558100000000	-35.417180278496
2.8558200000000	-36.002622498511
2.8558300000000	-36.585855402177
2.8558400000000	-37.189703733899
2.8558500000000	-37.815719446467
2.8558600000000	-38.438454505667
2.8558700000000	-39.084381619933
2.8558800000000	-39.755323387435
2.8558900000000	-40.421655812999
2.8559000000000	-41.114078158753
2.8559100000000	-41.834716534256
2.8559200000000	-42.549021808365
2.8559300000000	-43.292589047528
2.8559400000000	-44.067858900886
2.8559500000000	-44.834389597066
2.8559600000000	-45.633430673202
2.8559700000000	-46.467681877190
2.8559800000000	-47.289471999526
2.8559900000000	-48.146530055437
2.8560000000000	-49.041589660044
2.8560100000000	-49.917740396172
2.8560200000000	-50.830023773321
2.8560300000000	-51.780615763289
2.8560400000000	-52.700135651712
2.8560500000000	-53.651771758813
2.8560600000000	-54.636008897026
2.8560700000000	-55.565932307525
2.8560800000000	-56.514306500137
2.8560900000000	-57.478862661289
2.8561000000000	-58.348463341884
2.8561100000000	-59.209931701942
2.8561200000000	-60.059329803059
2.8561300000000	-60.752961784026
2.8561400000000	-61.400399229143
2.8561500000000	-61.995667119412
2.8561600000000	-62.344297330640
2.8561700000000	-62.585674427747
2.8561800000000	-62.705368101301
2.8561900000000	-62.497596653252
2.8562000000000	-62.132135905339
2.8562100000000	-61.504804932556
2.8562200000000	-60.611165353845
2.8562300000000	-59.648200128901
2.8562400000000	-58.648364499934
2.8562500000000	-57.458449860673
2.8562600000000	-56.304589125923
2.8562700000000	-55.193519231109
2.8562800000000	-53.989449970108
2.8562900000000	-52.854445488233
2.8563000000000	-51.782385187884
2.8563100000000	-50.657205511165
2.8563200000000	-49.601014767574
2.8563300000000	-48.605695955313
2.8563400000000	-47.573913344404
2.8563500000000	-46.603113842089
2.8563600000000	-45.686106469588
2.8563700000000	-44.740911195079
2.8563800000000	-43.848190311712
2.8563900000000	-43.002059832320
2.8564000000000	-42.132767539877
2.8564100000000	-41.308573627865
2.8564200000000	-40.524724997310
2.8564300000000	-39.721285662591
2.8564400000000	-38.956836245258
2.8564500000000	-38.227517389977
2.8564600000000	-37.481403044178
2.8564700000000	-36.769248006931
2.8564800000000	-36.087888817816
2.8564900000000	-35.392041506362
2.8565000000000	-34.725983400743
2.8565100000000	-34.087096475398
2.8565200000000	-33.435682589485
2.8565300000000	-32.810567188715
2.8565400000000	-32.209565097709
2.8565500000000	-31.597733003652
2.8565600000000	-31.009248075461
2.8565700000000	-30.442273151272
2.8565800000000	-29.865955767949
2.8565900000000	-29.310467158622
2.8566000000000	-28.774253347459
2.8566100000000	-28.230015653822
2.8566200000000	-27.704439930754
2.8566300000000	-27.196205100273
2.8566400000000	-26.681127636468
2.8566500000000	-26.182834082093
2.8566600000000	-25.700196696187
2.8566700000000	-25.211786099598
2.8566800000000	-24.738520894690
2.8566900000000	-24.279435166165
2.8567000000000	-23.815554659770
2.8567100000000	-23.365381559849
2.8567200000000	-22.928086401930
2.8567300000000	-22.486901009346
2.8567400000000	-22.058154271425
2.8567500000000	-21.641132543422
2.8567600000000	-21.221065241769
2.8567700000000	-20.812311692858
2.8567800000000	-20.414257151920
2.8567900000000	-20.013953199687
2.8568000000000	-19.623961155518
2.8568100000000	-19.243751187555
2.8568200000000	-18.862048581752
2.8568300000000	-18.489761899232
2.8568400000000	-18.126434571508
2.8568500000000	-17.762339087990
2.8568600000000	-17.406855040710
2.8568700000000	-17.059589351071
2.8568800000000	-16.712252977356
2.8568900000000	-16.372802934048
2.8569000000000	-16.040901374371
2.8569100000000	-15.709603205552
2.8569200000000	-15.385535310663
2.8569300000000	-15.068408047131
2.8569400000000	-14.752536918048
2.8569500000000	-14.443300146169
2.8569600000000	-14.140450270188
2.8569700000000	-13.839488565389
2.8569800000000	-13.544617670844
2.8569900000000	-13.255627108745
2.8570000000000	-12.969135341691
2.8570100000000	-12.688236361065
2.8570200000000	-12.412752157313
2.8570300000000	-12.140354053113
2.8570400000000	-11.873090152338
2.8570500000000	-11.610810968505
2.8570600000000	-11.352178923126
2.8570700000000	-11.098256512776
2.8570800000000	-10.848919310615
2.8570900000000	-10.603760235613
2.8571000000000	-10.362915407304
2.8571100000000	-10.126282408560
2.8571200000000	-9.8943240971295
2.8571300000000	-9.6663095540276
2.8571400000000	-9.4421556827854
2.8571500000000	-9.2231339427816
2.8571600000000	-9.0077066978638
2.8571700000000	-8.7958078033051
2.8571800000000	-8.5894546841925
2.8571900000000	-8.3863648708084
2.8572000000000	-8.1864870886552
2.8572100000000	-7.9925205713474
2.8572200000000	-7.8015017400041
2.8572300000000	-7.6133923684292
2.8572400000000	-7.4315078816570
2.8572500000000	-7.2522691393582
2.8572600000000	-7.0756493753376
2.8572700000000	-6.9055134463227
2.8572800000000	-6.7377337273781
2.8572900000000	-6.5722935313832
2.8573000000000	-6.4135397771629
2.8573100000000	-6.2568644247703
2.8573200000000	-6.1022596650247
2.8573300000000	-5.9544871949495
2.8573400000000	-5.8085268930833
2.8573500000000	-5.6643787779825
2.8573600000000	-5.5271529253226
2.8573700000000	-5.3914848695758
2.8573800000000	-5.2573815283966
2.8573900000000	-5.1302366806952
2.8574000000000	-5.0044077345294
2.8574100000000	-4.8799076715177
2.8574200000000	-4.7623518439843
2.8574300000000	-4.6458833116769
2.8574400000000	-4.5305203535454
2.8574500000000	-4.4220410629710
2.8574600000000	-4.3144346356390
2.8574700000000	-4.2077239293350
2.8574800000000	-4.1077948853892
2.8574900000000	-4.0085392871784
2.8575000000000	-3.9099838864746
2.8575100000000	-3.8180720232133
2.8575200000000	-3.7266499002851
2.8575300000000	-3.6357475038676
2.8575400000000	-3.5513199201161
2.8575500000000	-3.4672145668530
2.8575600000000	-3.3834640276207
2.8575700000000	-3.3059944798462
2.8575800000000	-3.2286960740478
2.8575900000000	-3.1516033785504
2.8576000000000	-3.0805780606229
2.8576100000000	-3.0095891691146
2.8576200000000	-2.9386726741755
2.8576300000000	-2.8735951126754
2.8576400000000	-2.8084353194388
2.8576500000000	-2.7432301199668
2.8576600000000	-2.6836251016331
2.8576700000000	-2.6238346931757
2.8576800000000	-2.5638960725636
2.8576900000000	-2.5093125948301
2.8577000000000	-2.4544553059760
2.8577100000000	-2.3993612835278
2.8577200000000	-2.3493745766904
2.8577300000000	-2.2990394521239
2.8577400000000	-2.2483924886453
2.8577500000000	-2.2026051981705
2.8577600000000	-2.1564076600316
2.8577700000000	-2.1098356134766
2.8577800000000	-2.0678782547634
2.8577900000000	-2.0254604868812
2.8578000000000	-1.9826169266800
2.8578100000000	-1.9441477348141
2.8578200000000	-1.9051785016879
2.8578300000000	-1.8657424956214
2.8578400000000	-1.8304467924918
2.8578500000000	-1.7946208095330
2.8578600000000	-1.7582962941137
2.8578700000000	-1.7258854877736
2.8578800000000	-1.6929224511537
2.8578900000000	-1.6594372877128
2.8579000000000	-1.6296476068007
2.8579100000000	-1.5992909792531
2.8579200000000	-1.5683957860091
2.8579300000000	-1.5409868377728
2.8579400000000	-1.5130024728724
2.8579500000000	-1.4844693098407
2.8579600000000	-1.4592225353258
2.8579700000000	-1.4333972084917
2.8579800000000	-1.4070181785688
2.8579900000000	-1.3837352641414
2.8580000000000	-1.3598751651459
2.8580100000000	-1.3354609819307
2.8580200000000	-1.3139621985647
2.8580300000000	-1.2918913569038
2.8580400000000	-1.2692698507862
2.8580500000000	-1.2493927385684
2.8580600000000	-1.2289517784634
2.8580700000000	-1.2079667173651
2.8580800000000	-1.1895643527521
2.8580900000000	-1.1706088499432
2.8581000000000	-1.1511183811426
2.8581100000000	-1.1340580536407
2.8581200000000	-1.1164572818819
2.8581300000000	-1.0983327445714
2.8581400000000	-1.0824946360971
2.8581500000000	-1.0661303148085
2.8581600000000	-1.0492550528087
2.8581700000000	-1.0345310110886
2.8581800000000	-1.0192961411691
2.8581900000000	-1.0035643984637
2.8582000000000	-0.98985680605767
2.8582100000000	-0.97565459528043
2.8582200000000	-0.96097049558356
2.8582300000000	-0.94819123331600
2.8582400000000	-0.93493411014782
2.8582500000000	-0.92121071938304
2.8582600000000	-0.90928022101075
2.8582700000000	-0.89688893393463
2.8582800000000	-0.88404740286200
2.8582900000000	-0.87289379647219
2.8583000000000	-0.86129659462930
2.8583100000000	-0.84926537773139
2.8583200000000	-0.83882370855955
2.8583300000000	-0.82795559880592
2.8583400000000	-0.81666974488049
2.8583500000000	-0.80688127376906
2.8583600000000	-0.79668334881730
2.8583700000000	-0.78608385831777
2.8583800000000	-0.77689542989891
2.8583900000000	-0.76731426205419
2.8584000000000	-0.75734750610592
2.8584100000000	-0.74871098081845
2.8584200000000	-0.73969807586692
2.8584300000000	-0.73031527190434
2.8584400000000	-0.72218701613457
2.8584500000000	-0.71369832209205
2.8584600000000	-0.70485506121458
2.8584700000000	-0.69719549013789
2.8584800000000	-0.68919095582862
2.8584900000000	-0.68084677720171
2.8585000000000	-0.67361994522613
2.8585100000000	-0.66606312394630
2.8585200000000	-0.65818113184910
2.8585300000000	-0.65135436593343
2.8585400000000	-0.64421205981182
2.8585500000000	-0.63675857924215
2.8585600000000	-0.63030215073009
2.8585700000000	-0.62354409171446
2.8585800000000	-0.61648835876600
2.8585900000000	-0.61037518976350
2.8586000000000	-0.60397375352503
2.8586100000000	-0.59728763708174
2.8586200000000	-0.59149303775298
2.8586300000000	-0.58542298712578
2.8586400000000	-0.57908073870490
2.8586500000000	-0.57358217222068
2.8586600000000	-0.56782042710431
2.8586700000000	-0.56179845598428
2.8586800000000	-0.55657532817212
2.8586900000000	-0.55110075913221
2.8587000000000	-0.54537743016786
2.8587100000000	-0.54041090121028
2.8587200000000	-0.53520414427975
2.8587300000000	-0.52975959606278
2.8587400000000	-0.52503241187189
2.8587500000000	-0.52007570231698
2.8587600000000	-0.51489168357429
2.8587700000000	-0.51038802471606
2.8587800000000	-0.50566504775245
2.8587900000000	-0.50072477008843
2.8588000000000	-0.49643011635966
2.8588100000000	-0.49192587302860
2.8588200000000	-0.48721387831355
2.8588300000000	-0.48311488727865
2.8588400000000	-0.47881557387020
2.8588500000000	-0.47431761475186
2.8588600000000	-0.47040201273263
2.8588700000000	-0.46629491232538
2.8588800000000	-0.46199784450553
2.8588900000000	-0.45825432868092
2.8589000000000	-0.45432771351624
2.8589100000000	-0.45021939857008
2.8589200000000	-0.44663754899170
2.8589300000000	-0.44288059254243
2.8589400000000	-0.43894981019470
2.8589500000000	-0.43552001065806
2.8589600000000	-0.43192270837150
2.8589700000000	-0.42815907725809
2.8589800000000	-0.42487244408280
2.8589900000000	-0.42142554189412
2.8590000000000	-0.41781944793728
2.8590100000000	-0.41466776581878
2.8590200000000	-0.41136269562607
2.8590300000000	-0.40790522724981
2.8590400000000	-0.40488089143639
2.8590500000000	-0.40170971281602
2.8590600000000	-0.39839260230730
2.8590700000000	-0.39548856643927
2.8590800000000	-0.39244391396195
2.8590900000000	-0.38925948436114
2.8591000000000	-0.38646921338275
2.8591100000000	-0.38354424895832
2.8591200000000	-0.38048536592262
2.8591300000000	-0.37780279354299
2.8591400000000	-0.37499116328451
2.8591500000000	-0.37205119143494
2.8591600000000	-0.36947068167180
2.8591700000000	-0.36676647682525
2.8591800000000	-0.36393924013265
2.8591900000000	-0.36145555252449
2.8592000000000	-0.35885327406038
2.8592100000000	-0.35613301987841
2.8592200000000	-0.35374127799783
2.8592300000000	-0.35123580450238
2.8592400000000	-0.34861717089628
2.8592500000000	-0.34631283383462
2.8592600000000	-0.34389939238102
2.8592700000000	-0.34137737843560
2.8592800000000	-0.33915621496943
2.8592900000000	-0.33683035468271
2.8593000000000	-0.33440029351118
2.8593100000000	-0.33225835869024
2.8593200000000	-0.33001592674889
2.8593300000000	-0.32767346094978
2.8593400000000	-0.32560707487691
2.8593500000000	-0.32344419472592
2.8593600000000	-0.32118525406719
2.8593700000000	-0.31919098266489
2.8593800000000	-0.31710403423698
2.8593900000000	-0.31492481536443
2.8594000000000	-0.31299945294746
2.8594100000000	-0.31098505471340
2.8594200000000	-0.30888200270968
2.8594300000000	-0.30702255620188
2.8594400000000	-0.30507754888974
2.8594500000000	-0.30304734052283
2.8594600000000	-0.30125101517704
2.8594700000000	-0.29937244702030
2.8594800000000	-0.29741197554425
2.8594900000000	-0.29567616203995
2.8595000000000	-0.29386127542893
2.8595100000000	-0.29196763681174
2.8595200000000	-0.29028989962021
2.8595300000000	-0.28853611904817
2.8595400000000	-0.28670659951970
2.8595500000000	-0.28508466644148
2.8595600000000	-0.28338958765071
2.8595700000000	-0.28162165247472
2.8595800000000	-0.28005340526735
2.8595900000000	-0.27841478551190
2.8596000000000	-0.27670606890175
2.8596100000000	-0.27518953492653
2.8596200000000	-0.27360528428258
2.8596300000000	-0.27195358039133
2.8596400000000	-0.27048692522103
2.8596500000000	-0.26895509888621
2.8596600000000	-0.26735835381180
2.8596700000000	-0.26593987475178
2.8596800000000	-0.26445866628654
2.8596900000000	-0.26291497104818
2.8597000000000	-0.26154309153389
2.8597100000000	-0.26011082700870
2.8597200000000	-0.25861841145711
2.8597300000000	-0.25729167630195
2.8597400000000	-0.25590680932550
2.8597500000000	-0.25446403696446
2.8597600000000	-0.25318110844399
2.8597700000000	-0.25184221605865
2.8597800000000	-0.25044757976521
2.8597900000000	-0.24920723453248
2.8598000000000	-0.24791301397454
2.8598100000000	-0.24656513261780
2.8598200000000	-0.24536625945971
2.8598300000000	-0.24411552579624
2.8598400000000	-0.24281314176749
2.8598500000000	-0.24165474022347
2.8598600000000	-0.24044642488860
2.8598700000000	-0.23918840257040
2.8598800000000	-0.23806958244875
2.8598900000000	-0.23690273271973
2.8599000000000	-0.23568805793717
2.8599100000000	-0.23460803978222
2.8599200000000	-0.23348181925153
2.8599300000000	-0.23230959976612
2.8599400000000	-0.23126771634657
2.8599500000000	-0.23018140646639
2.8599600000000	-0.22905087359591
2.8599700000000	-0.22804657250716
2.8599800000000	-0.22699957530539
2.8599900000000	-0.22591008677500
2.8600000000000	-0.22494293427315
