#Parameters = {n=0.01; f0=2856000000; lambda=0.10496934803922; l=0.0010496934803922; LL=0.05}
#"Frequency / GHz"	"S1,1 (5) [Magnitude in dB]"
#----------------------------------------------
2.8500000000000	-0.30235640509717
2.8500100000000	-0.30564049132440
2.8500200000000	-0.30887591921309
2.8500300000000	-0.31206245252109
2.8500400000000	-0.31557296524591
2.8500500000000	-0.31903516570456
2.8500600000000	-0.32244884499976
2.8500700000000	-0.32621054621604
2.8500800000000	-0.32992474063323
2.8500900000000	-0.33359126141885
2.8501000000000	-0.33763254140436
2.8501100000000	-0.34162770124648
2.8501200000000	-0.34557663574180
2.8501300000000	-0.34993016998704
2.8501400000000	-0.35423970448498
2.8501500000000	-0.35850522159560
2.8501600000000	-0.36320876855170
2.8501700000000	-0.36787136150301
2.8501800000000	-0.37249310470598
2.8501900000000	-0.37759047915872
2.8502000000000	-0.38265111210469
2.8502100000000	-0.38767527512200
2.8502200000000	-0.39321754172642
2.8502300000000	-0.39872875126182
2.8502400000000	-0.40420940276165
2.8502500000000	-0.41025634702073
2.8502600000000	-0.41627977783258
2.8502700000000	-0.42228050137420
2.8502800000000	-0.42890245216203
2.8502900000000	-0.43551078563166
2.8503000000000	-0.44210672088843
2.8503100000000	-0.44938682088601
2.8503200000000	-0.45666618333778
2.8503300000000	-0.46394658102526
2.8503400000000	-0.47198363111127
2.8503500000000	-0.48003661815060
2.8503600000000	-0.48810805638277
2.8503700000000	-0.49702009971786
2.8503800000000	-0.50596959650249
2.8503900000000	-0.51496005375284
2.8504000000000	-0.52488891872312
2.8504100000000	-0.53488295452207
2.8504200000000	-0.54494699846238
2.8504300000000	-0.55606409173721
2.8504400000000	-0.56728204624795
2.8504500000000	-0.57860748458432
2.8504600000000	-0.59112122325761
2.8504700000000	-0.60378180957200
2.8504800000000	-0.61659826706415
2.8504900000000	-0.63076367147860
2.8505000000000	-0.64513526649844
2.8505100000000	-0.65972531296618
2.8505200000000	-0.67585646189167
2.8505300000000	-0.69227055331588
2.8505400000000	-0.70898422573944
2.8505500000000	-0.72747051947916
2.8505600000000	-0.74633930681921
2.8505700000000	-0.76561316387481
2.8505800000000	-0.78694066880983
2.8505900000000	-0.80878021599343
2.8506000000000	-0.83116245849865
2.8506100000000	-0.85594204148201
2.8506200000000	-0.88140285370220
2.8506300000000	-0.90758656272842
2.8506400000000	-0.93659108533875
2.8506500000000	-0.96649859016111
2.8506600000000	-0.99736578938144
2.8506700000000	-1.0315793224912
2.8506800000000	-1.0669874665116
2.8506900000000	-1.1036674843226
2.8507000000000	-1.1443502700228
2.8507100000000	-1.1866122158006
2.8507200000000	-1.2305585863896
2.8507300000000	-1.2793321268187
2.8507400000000	-1.3301925885882
2.8507500000000	-1.3832831361585
2.8507600000000	-1.4422398147693
2.8507700000000	-1.5039532283746
2.8507800000000	-1.5686171401146
2.8507900000000	-1.6404569521168
2.8508000000000	-1.7159328439805
2.8508100000000	-1.7953044082015
2.8508200000000	-1.8834949256173
2.8508300000000	-1.9764629853416
2.8508400000000	-2.0745497416736
2.8508500000000	-2.1834883816554
2.8508600000000	-2.2986532674947
2.8508700000000	-2.4204770086337
2.8508800000000	-2.5555945168189
2.8508900000000	-2.6986986351200
2.8509000000000	-2.8503013702128
2.8509100000000	-3.0179570255476
2.8509200000000	-3.1955572288265
2.8509300000000	-3.3836223954425
2.8509400000000	-3.5904570009846
2.8509500000000	-3.8089907138505
2.8509600000000	-4.0395441965758
2.8509700000000	-4.2905978300016
2.8509800000000	-4.5538798598717
2.8509900000000	-4.8290199020782
2.8510000000000	-5.1233247179467
2.8510100000000	-5.4269680233930
2.8510200000000	-5.7379282782881
2.8510300000000	-6.0597992889449
2.8510400000000	-6.3809364865291
2.8510500000000	-6.6964034926268
2.8510600000000	-7.0027651771681
2.8510700000000	-7.2877797982588
2.8510800000000	-7.5438921869614
2.8510900000000	-7.7599939645544
2.8511000000000	-7.9293064681433
2.8511100000000	-8.0470148862109
2.8511200000000	-8.1008910666819
2.8511300000000	-8.0987126442050
2.8511400000000	-8.0445012044040
2.8511500000000	-7.9313468607872
2.8511600000000	-7.7798264508716
2.8511700000000	-7.5987075311038
2.8511800000000	-7.3835671173859
2.8511900000000	-7.1560291124831
2.8512000000000	-6.9224484058617
2.8512100000000	-6.6774598741581
2.8512200000000	-6.4371530990067
2.8512300000000	-6.2040905322703
2.8512400000000	-5.9723662691950
2.8512500000000	-5.7523466742749
2.8512600000000	-5.5443047958207
2.8512700000000	-5.3430232236684
2.8512800000000	-5.1547247685707
2.8512900000000	-4.9787424671196
2.8513000000000	-4.8111472907421
2.8513100000000	-4.6554001589152
2.8513200000000	-4.5105928480131
2.8513300000000	-4.3741565895612
2.8513400000000	-4.2477109640740
2.8513500000000	-4.1303916233974
2.8513600000000	-4.0208356672109
2.8513700000000	-3.9194009783525
2.8513800000000	-3.8253571262787
2.8513900000000	-3.7383390751263
2.8514000000000	-3.6578085592159
2.8514100000000	-3.5831795216872
2.8514200000000	-3.5148928420372
2.8514300000000	-3.4517486011874
2.8514400000000	-3.3932877840408
2.8514500000000	-3.3406013515318
2.8514600000000	-3.2919809254399
2.8514700000000	-3.2470706511686
2.8514800000000	-3.2074923857183
2.8514900000000	-3.1711308366607
2.8515000000000	-3.1377107569633
2.8515100000000	-3.1092966852324
2.8515200000000	-3.0834343486749
2.8515300000000	-3.0599102392621
2.8515400000000	-3.0411676418431
2.8515500000000	-3.0244589224351
2.8515600000000	-3.0096173519910
2.8515700000000	-2.9994193452436
2.8515800000000	-2.9908545174242
2.8515900000000	-2.9837913740721
2.8516000000000	-2.9813073277658
2.8516100000000	-2.9801497379127
2.8516200000000	-2.9802135700275
2.8516300000000	-2.9848547936689
2.8516400000000	-2.9905923023780
2.8516500000000	-2.9973409238948
2.8516600000000	-3.0087194666724
2.8516700000000	-3.0210279362178
2.8516800000000	-3.0341961214329
2.8516900000000	-3.0520943065436
2.8517000000000	-3.0708109060604
2.8517100000000	-3.0902871024356
2.8517200000000	-3.1146356866878
2.8517300000000	-3.1397401016644
2.8517400000000	-3.1655504289573
2.8517500000000	-3.1964136802796
2.8517600000000	-3.2280157034125
2.8517700000000	-3.2603138835655
2.8517800000000	-3.2978802612219
2.8517900000000	-3.3362126062839
2.8518000000000	-3.3752748079179
2.8518100000000	-3.4198522668129
2.8518200000000	-3.4652677554817
2.8518300000000	-3.5114916206435
2.8518400000000	-3.5635068349519
2.8518500000000	-3.6164793565920
2.8518600000000	-3.6703867078891
2.8518700000000	-3.7303877274773
2.8518800000000	-3.7915165725805
2.8518900000000	-3.8537594859225
2.8519000000000	-3.9224215132639
2.8519100000000	-3.9924388439923
2.8519200000000	-4.0638089270980
2.8519300000000	-4.1419430434116
2.8519400000000	-4.2217243998144
2.8519500000000	-4.3031652498518
2.8519600000000	-4.3917300357778
2.8519700000000	-4.4823078916257
2.8519800000000	-4.5749308236330
2.8519900000000	-4.6750469140369
2.8520000000000	-4.7776273922360
2.8520100000000	-4.8827306322711
2.8520200000000	-4.9956983079042
2.8520300000000	-5.1116812285717
2.8520400000000	-5.2307728329244
2.8520500000000	-5.3580927466725
2.8520600000000	-5.4890951626681
2.8520700000000	-5.6239198950031
2.8520800000000	-5.7673168608014
2.8520900000000	-5.9152000121140
2.8521000000000	-6.0677701250797
2.8521100000000	-6.2292193327580
2.8521200000000	-6.3961182245451
2.8521300000000	-6.5687471699697
2.8521400000000	-6.7505008473579
2.8521500000000	-6.9388538938231
2.8521600000000	-7.1341896946300
2.8521700000000	-7.3387977158513
2.8521800000000	-7.5513683026150
2.8521900000000	-7.7724163683472
2.8522000000000	-8.0027280183853
2.8522100000000	-8.2426010574445
2.8522200000000	-8.4927141832579
2.8522300000000	-8.7518256809473
2.8522400000000	-9.0223335110067
2.8522500000000	-9.3051099928350
2.8522600000000	-9.5961791802941
2.8522700000000	-9.9006536482942
2.8522800000000	-10.219607677171
2.8522900000000	-10.545352165543
2.8523000000000	-10.886461071154
2.8523100000000	-11.244145699432
2.8523200000000	-11.605605450889
2.8523300000000	-11.983722693199
2.8523400000000	-12.379579632652
2.8523500000000	-12.773227929012
2.8523600000000	-13.182659073054
2.8523700000000	-13.608088472496
2.8523800000000	-14.019549078677
2.8523900000000	-14.440557536402
2.8524000000000	-14.868903985292
2.8524100000000	-15.261390120868
2.8524200000000	-15.646859536181
2.8524300000000	-16.018838780086
2.8524400000000	-16.320847065592
2.8524500000000	-16.587629157464
2.8524600000000	-16.810254195959
2.8524700000000	-16.929954467377
2.8524800000000	-16.990656751332
2.8524900000000	-16.989380841445
2.8525000000000	-16.884233399241
2.8525100000000	-16.725365465580
2.8525200000000	-16.518378817864
2.8525300000000	-16.242632193579
2.8525400000000	-15.939556682290
2.8525500000000	-15.615686509110
2.8525600000000	-15.262603002215
2.8525700000000	-14.904602895370
2.8525800000000	-14.545074691288
2.8525900000000	-14.181763874959
2.8526000000000	-13.824616031928
2.8526100000000	-13.474612785038
2.8526200000000	-13.133426417659
2.8526300000000	-12.801992161697
2.8526400000000	-12.480221766366
2.8526500000000	-12.172528180490
2.8526600000000	-11.874759767438
2.8526700000000	-11.586497176332
2.8526800000000	-11.313982244842
2.8526900000000	-11.050326190353
2.8527000000000	-10.795077807183
2.8527100000000	-10.555605340784
2.8527200000000	-10.323624650896
2.8527300000000	-10.098749290821
2.8527400000000	-9.8889669608765
2.8527500000000	-9.6853650413482
2.8527600000000	-9.4876400512403
2.8527700000000	-9.3040505317207
2.8527800000000	-9.1254986933169
2.8527900000000	-8.9517560198511
2.8528000000000	-8.7911199862547
2.8528100000000	-8.6345653286693
2.8528200000000	-8.4819241171322
2.8528300000000	-8.3413829500463
2.8528400000000	-8.2041373560147
2.8528500000000	-8.0700660673222
2.8528600000000	-7.9471515068453
2.8528700000000	-7.8268920514672
2.8528800000000	-7.7092015401898
2.8528900000000	-7.6018034305790
2.8529000000000	-7.4965401144372
2.8529100000000	-7.3933515237056
2.8529200000000	-7.2996734482715
2.8529300000000	-7.2077078851662
2.8529400000000	-7.1174140271438
2.8529500000000	-7.0359288582595
2.8529600000000	-6.9558135182287
2.8529700000000	-6.8770413535682
2.8529800000000	-6.8064511173612
2.8529900000000	-6.7369526387459
2.8530000000000	-6.6685296261850
2.8530100000000	-6.6077308615813
2.8530200000000	-6.5477983480857
2.8530300000000	-6.4887233501209
2.8530400000000	-6.4367778428620
2.8530500000000	-6.3855160032907
2.8530600000000	-6.3349345793344
2.8530700000000	-6.2910448872798
2.8530800000000	-6.2476914946294
2.8530900000000	-6.2048751049855
2.8531000000000	-6.1683641810735
2.8531100000000	-6.1322712378116
2.8531200000000	-6.0965998112868
2.8531300000000	-6.0668940627916
2.8531400000000	-6.0375120875607
2.8531500000000	-6.0084594322884
2.8531600000000	-5.9850746362082
2.8531700000000	-5.9619395570962
2.8531800000000	-5.9390611555168
2.8531900000000	-5.9215907403535
2.8532000000000	-5.9043129580649
2.8532100000000	-5.8872357552574
2.8532200000000	-5.8753410436667
2.8532300000000	-5.8635963011371
2.8532400000000	-5.8520101598091
2.8532500000000	-5.8454122393149
2.8532600000000	-5.8389339979802
2.8532700000000	-5.8325845495027
2.8532800000000	-5.8310574992941
2.8532900000000	-5.8296305758367
2.8533000000000	-5.8283132441109
2.8533100000000	-5.8316786364786
2.8533200000000	-5.8351340395341
2.8533300000000	-5.8386891960509
2.8533400000000	-5.8468109905485
2.8533500000000	-5.8550210876697
2.8533600000000	-5.8633294788213
2.8533700000000	-5.8761105577479
2.8533800000000	-5.8889858406639
2.8533900000000	-5.9019655735968
2.8534000000000	-5.9193444048427
2.8534100000000	-5.9368303422769
2.8534200000000	-5.9544339210879
2.8534300000000	-5.9763819444927
2.8534400000000	-5.9984565298655
2.8534500000000	-6.0206685600120
2.8534600000000	-6.0471880782864
2.8534700000000	-6.0738598592122
2.8534800000000	-6.1006952125022
2.8534900000000	-6.1318177220528
2.8535000000000	-6.1631242523433
2.8535100000000	-6.1946266383225
2.8535200000000	-6.2304115487323
2.8535300000000	-6.2664182162189
2.8535400000000	-6.3026591176119
2.8535500000000	-6.3431928202826
2.8535600000000	-6.3839920149670
2.8535700000000	-6.4250699556046
2.8535800000000	-6.4704652128021
2.8535900000000	-6.5161758102171
2.8536000000000	-6.5622159339219
2.8536100000000	-6.6126115695823
2.8536200000000	-6.6633787142334
2.8536300000000	-6.7145326630515
2.8536400000000	-6.7700935466934
2.8536500000000	-6.8260887304015
2.8536600000000	-6.8825348205657
2.8536700000000	-6.9434521459438
2.8536800000000	-7.0048735863981
2.8536900000000	-7.0668172911800
2.8537000000000	-7.1333091622691
2.8537100000000	-7.2003824984472
2.8537200000000	-7.2680572587736
2.8537300000000	-7.3403696079685
2.8537400000000	-7.4133489418621
2.8537500000000	-7.4870173389914
2.8537600000000	-7.5654252162229
2.8537700000000	-7.6445945449224
2.8537800000000	-7.7245498850200
2.8537900000000	-7.8093591728112
2.8538000000000	-7.8950342723257
2.8538100000000	-7.9816026510724
2.8538200000000	-8.0731522796372
2.8538300000000	-8.1656831222053
2.8538400000000	-8.2592260595741
2.8538500000000	-8.3578908190061
2.8538600000000	-8.4576646302333
2.8538700000000	-8.5585823918504
2.8538800000000	-8.6647764659355
2.8538900000000	-8.7722215577340
2.8539000000000	-8.8809573112677
2.8539100000000	-8.9951386906161
2.8539200000000	-9.1107292415487
2.8539300000000	-9.2277742349999
2.8539400000000	-9.3504502070977
2.8539500000000	-9.4747122048096
2.8539600000000	-9.6006122002336
2.8539700000000	-9.7323461615229
2.8539800000000	-9.8658647732087
2.8539900000000	-10.001228024613
2.8540000000000	-10.142647915822
2.8540100000000	-10.286076612723
2.8540200000000	-10.431583741438
2.8540300000000	-10.583392470673
2.8540400000000	-10.737464299884
2.8540500000000	-10.893880492224
2.8540600000000	-11.056868777880
2.8540700000000	-11.222410244530
2.8540800000000	-11.390600268227
2.8540900000000	-11.565662393704
2.8541000000000	-11.743610474104
2.8541100000000	-11.924557063470
2.8541200000000	-12.112710063433
2.8541300000000	-12.304132882491
2.8541400000000	-12.498959035441
2.8541500000000	-12.701365769651
2.8541600000000	-12.907487369761
2.8541700000000	-13.117482938738
2.8541800000000	-13.335479229260
2.8541900000000	-13.557708471616
2.8542000000000	-13.784360909708
2.8542100000000	-14.019486147212
2.8542200000000	-14.259448772357
2.8542300000000	-14.504476570998
2.8542400000000	-14.758505346426
2.8542500000000	-15.018075821142
2.8542600000000	-15.283460072403
2.8542700000000	-15.558428176409
2.8542800000000	-15.839752508600
2.8542900000000	-16.127754996529
2.8543000000000	-16.425963712960
2.8543100000000	-16.731452239537
2.8543200000000	-17.044592716117
2.8543300000000	-17.368554389630
2.8543400000000	-17.700796378221
2.8543500000000	-18.041726426725
2.8543600000000	-18.393967631159
2.8543700000000	-18.755458896599
2.8543800000000	-19.126590943376
2.8543900000000	-19.509125976549
2.8544000000000	-19.901566364342
2.8544100000000	-20.304142536114
2.8544200000000	-20.717205333412
2.8544300000000	-21.139836225286
2.8544400000000	-21.571759324786
2.8544500000000	-22.010934933777
2.8544600000000	-22.456848148164
2.8544700000000	-22.907971790800
2.8544800000000	-23.358213076535
2.8544900000000	-23.806955798206
2.8545000000000	-24.250147350965
2.8545100000000	-24.675400171240
2.8545200000000	-25.081544268719
2.8545300000000	-25.461060778468
2.8545400000000	-25.794506609021
2.8545500000000	-26.082128882003
2.8545600000000	-26.315769457028
2.8545700000000	-26.474532267796
2.8545800000000	-26.567010082394
2.8545900000000	-26.592138917472
2.8546000000000	-26.537340115481
2.8546100000000	-26.422982258715
2.8546200000000	-26.256566522030
2.8546300000000	-26.033938253544
2.8546400000000	-25.778496937161
2.8546500000000	-25.498664056102
2.8546600000000	-25.192040215940
2.8546700000000	-24.876672226478
2.8546800000000	-24.557512055119
2.8546900000000	-24.231323676632
2.8547000000000	-23.909730833251
2.8547100000000	-23.594696854930
2.8547200000000	-23.282670175339
2.8547300000000	-22.980684051588
2.8547400000000	-22.689129897400
2.8547500000000	-22.404872356066
2.8547600000000	-22.132069453600
2.8547700000000	-21.870456796876
2.8547800000000	-21.617616164856
2.8547900000000	-21.375922573877
2.8548000000000	-21.144897012934
2.8548100000000	-20.922857399268
2.8548200000000	-20.711040240769
2.8548300000000	-20.508938058159
2.8548400000000	-20.315511613082
2.8548500000000	-20.131244541691
2.8548600000000	-19.955670728336
2.8548700000000	-19.788273288856
2.8548800000000	-19.629024684200
2.8548900000000	-19.477520723454
2.8549000000000	-19.333652066562
2.8549100000000	-19.197040146598
2.8549200000000	-19.067343679666
2.8549300000000	-18.944761312846
2.8549400000000	-18.828675632565
2.8549500000000	-18.718802317026
2.8549600000000	-18.615564339079
2.8549700000000	-18.518188247721
2.8549800000000	-18.426439027824
2.8549900000000	-18.340893968313
2.8550000000000	-18.260687756954
2.8550100000000	-18.185627349573
2.8550200000000	-18.116385174692
2.8550300000000	-18.052056103012
2.8550400000000	-17.992482731130
2.8550500000000	-17.938381678786
2.8550600000000	-17.888852040577
2.8550700000000	-17.843766866131
2.8550800000000	-17.803842054675
2.8550900000000	-17.768219713823
2.8551000000000	-17.736799230513
2.8551100000000	-17.710255122305
2.8551200000000	-17.687807971718
2.8551300000000	-17.669380326122
2.8551400000000	-17.655567459646
2.8551500000000	-17.645701979684
2.8551600000000	-17.639727218982
2.8551700000000	-17.638122950156
2.8551800000000	-17.640366540590
2.8551900000000	-17.646420416074
2.8552000000000	-17.656613182312
2.8552100000000	-17.670599785759
2.8552200000000	-17.688360640546
2.8552300000000	-17.710037227617
2.8552400000000	-17.735495755304
2.8552500000000	-17.764734037902
2.8552600000000	-17.797669373924
2.8552700000000	-17.834414495998
2.8552800000000	-17.874984497678
2.8552900000000	-17.919033568097
2.8553000000000	-17.966958499298
2.8553100000000	-18.018791980658
2.8553200000000	-18.073883529921
2.8553300000000	-18.132954509626
2.8553400000000	-18.196055946625
2.8553500000000	-18.262187697233
2.8553600000000	-18.332439923666
2.8553700000000	-18.406883160598
2.8553800000000	-18.484118335314
2.8553900000000	-18.565653164997
2.8554000000000	-18.651579310153
2.8554100000000	-18.740044287962
2.8554200000000	-18.833027553203
2.8554300000000	-18.930643992125
2.8554400000000	-19.030526963721
2.8554500000000	-19.135188293790
2.8554600000000	-19.244768726266
2.8554700000000	-19.356319241239
2.8554800000000	-19.472952297405
2.8554900000000	-19.594837727682
2.8555000000000	-19.718367043802
2.8555100000000	-19.847330595618
2.8555200000000	-19.981931221958
2.8555300000000	-20.117813377822
2.8555400000000	-20.259533157912
2.8555500000000	-20.407331117342
2.8555600000000	-20.556004653742
2.8555700000000	-20.710975932247
2.8555800000000	-20.872528860448
2.8555900000000	-21.034499114453
2.8556000000000	-21.203289933053
2.8556100000000	-21.379235299271
2.8556200000000	-21.555077191429
2.8556300000000	-21.738332194679
2.8556400000000	-21.929392371404
2.8556500000000	-22.119753607290
2.8556600000000	-22.318198413694
2.8556700000000	-22.525186451330
2.8556800000000	-22.730791078604
2.8556900000000	-22.945237163220
2.8557000000000	-23.169063281340
2.8557100000000	-23.390715612067
2.8557200000000	-23.622065762398
2.8557300000000	-23.863744686363
2.8557400000000	-24.102333769102
2.8557500000000	-24.351588395701
2.8557600000000	-24.612247944450
2.8557700000000	-24.868753158113
2.8557800000000	-25.137018221523
2.8557900000000	-25.417910150305
2.8558000000000	-25.693409283411
2.8558100000000	-25.981907570329
2.8558200000000	-26.284422875631
2.8558300000000	-26.580105570339
2.8558400000000	-26.890194903203
2.8558500000000	-27.215888085994
2.8558600000000	-27.533080257544
2.8558700000000	-27.866285537795
2.8558800000000	-28.216916413736
2.8558900000000	-28.557125813094
2.8559000000000	-28.915197274447
2.8559100000000	-29.292805640241
2.8559200000000	-29.657805424683
2.8559300000000	-30.042823311770
2.8559400000000	-30.449861219806
2.8559500000000	-30.841835589097
2.8559600000000	-31.256389049245
2.8559700000000	-31.695943709327
2.8559800000000	-32.117718145989
2.8559900000000	-32.565180035742
2.8560000000000	-33.041308352650
2.8560100000000	-33.496642943410
2.8560200000000	-33.981493283508
2.8560300000000	-34.499585557251
2.8560400000000	-34.993291848595
2.8560500000000	-35.521122514894
2.8560600000000	-36.087745125655
2.8560700000000	-36.624604668159
2.8560800000000	-37.200272480430
2.8560900000000	-37.820200083397
2.8561000000000	-38.398792969076
2.8561100000000	-39.016951127479
2.8561200000000	-39.678820072559
2.8561300000000	-40.267188475752
2.8561400000000	-40.876765562133
2.8561500000000	-41.502065800625
2.8561600000000	-41.966085020860
2.8561700000000	-42.381652486304
2.8561800000000	-42.726437999345
2.8561900000000	-42.800712836001
2.8562000000000	-42.748868056042
2.8562100000000	-42.466251061581
2.8562200000000	-41.942009183883
2.8562300000000	-41.355958570735
2.8562400000000	-40.735849425170
2.8562500000000	-39.936576503405
2.8562600000000	-39.168140739378
2.8562700000000	-38.435506187263
2.8562800000000	-37.611114551154
2.8562900000000	-36.845555363450
2.8563000000000	-36.132432884714
2.8563100000000	-35.363346050408
2.8563200000000	-34.651855267638
2.8563300000000	-33.990176793905
2.8563400000000	-33.287803360970
2.8563500000000	-32.635478411279
2.8563600000000	-32.026533289887
2.8563700000000	-31.384981983764
2.8563800000000	-30.785995475598
2.8563900000000	-30.224227476018
2.8564000000000	-29.635183989340
2.8564100000000	-29.082471605485
2.8564200000000	-28.561826975146
2.8564300000000	-28.017954428205
2.8564400000000	-27.505387911963
2.8564500000000	-27.020692708711
2.8564600000000	-26.516072561934
2.8564700000000	-26.038693899963
2.8564800000000	-25.585753664657
2.8564900000000	-25.115675994045
2.8565000000000	-24.669508680494
2.8565100000000	-24.244936924209
2.8565200000000	-23.805619287789
2.8565300000000	-23.387442012999
2.8565400000000	-22.988474390390
2.8565500000000	-22.576832584610
2.8565600000000	-22.183996931357
2.8565700000000	-21.808343916326
2.8565800000000	-21.421824200273
2.8565900000000	-21.052120914745
2.8566000000000	-20.697859796818
2.8566100000000	-20.334318973054
2.8566200000000	-19.985881749905
2.8566300000000	-19.651378574465
2.8566400000000	-19.308997615710
2.8566500000000	-18.980233223523
2.8566600000000	-18.664085710701
2.8566700000000	-18.341306227628
2.8566800000000	-18.030842646063
2.8566900000000	-17.731837478475
2.8567000000000	-17.427313761566
2.8567100000000	-17.133960664393
2.8567200000000	-16.851040657259
2.8567300000000	-16.563602514459
2.8567400000000	-16.286320361432
2.8567500000000	-16.018558556125
2.8567600000000	-15.747181822501
2.8567700000000	-15.485057111128
2.8567800000000	-15.231635853894
2.8567900000000	-14.975418515672
2.8568000000000	-14.727643578084
2.8568100000000	-14.487837306794
2.8568200000000	-14.245979866958
2.8568300000000	-14.011836134469
2.8568400000000	-13.784997023990
2.8568500000000	-13.556786178328
2.8568600000000	-13.335630184915
2.8568700000000	-13.121176078391
2.8568800000000	-12.905971060146
2.8568900000000	-12.697222683528
2.8569000000000	-12.494626918330
2.8569100000000	-12.291848061252
2.8569200000000	-12.094980651934
2.8569300000000	-11.903763508645
2.8569400000000	-11.712882706718
2.8569500000000	-11.527414855475
2.8569600000000	-11.347136437460
2.8569700000000	-11.167669266125
2.8569800000000	-10.993158028127
2.8569900000000	-10.823412431667
2.8570000000000	-10.654911753298
2.8570100000000	-10.490947191165
2.8570200000000	-10.331357859563
2.8570300000000	-10.173408774856
2.8570400000000	-10.019609712249
2.8570500000000	-9.8698258894474
2.8570600000000	-9.7220419216134
2.8570700000000	-9.5780528175746
2.8570800000000	-9.4377470299779
2.8570900000000	-9.2997674459164
2.8571000000000	-9.1652563126463
2.8571100000000	-9.0341228171487
2.8571200000000	-8.9056110018196
2.8571300000000	-8.7802682979052
2.8571400000000	-8.6580224413221
2.8571500000000	-8.5386652518750
2.8571600000000	-8.4222036915148
2.8571700000000	-8.3085821341149
2.8571800000000	-8.1980901710897
2.8571900000000	-8.0902454001142
2.8572000000000	-7.9850071661544
2.8572100000000	-7.8831159122446
2.8572200000000	-7.7836480148492
2.8572300000000	-7.6865763467444
2.8572400000000	-7.5930481408760
2.8572500000000	-7.5017439592102
2.8572600000000	-7.4126489712962
2.8572700000000	-7.3272758082121
2.8572800000000	-7.2439520806157
2.8572900000000	-7.1626742337594
2.8573000000000	-7.0852814083607
2.8573100000000	-7.0097887630214
2.8573200000000	-6.9362032146861
2.8573300000000	-6.8666538668670
2.8573400000000	-6.7988817465175
2.8573500000000	-6.7329036725591
2.8573600000000	-6.6711043333934
2.8573700000000	-6.6109869750802
2.8573800000000	-6.5525780116991
2.8573900000000	-6.4984853073157
2.8574000000000	-6.4460089606837
2.8574100000000	-6.3951849792147
2.8574200000000	-6.3488137159136
2.8574300000000	-6.3040253559544
2.8574400000000	-6.2608658617453
2.8574500000000	-6.2222987973381
2.8574600000000	-6.1853166756558
2.8574700000000	-6.1499762182576
2.8574800000000	-6.1193759224605
2.8574900000000	-6.0904024071587
2.8575000000000	-6.0631245048285
2.8575100000000	-6.0407478278005
2.8575200000000	-6.0200851082983
2.8575300000000	-6.0012193275089
2.8575400000000	-5.9874351302829
2.8575500000000	-5.9755045087272
2.8575600000000	-5.9655274971997
2.8575700000000	-5.9608384458913
2.8575800000000	-5.9582040944370
2.8575900000000	-5.9577455345149
2.8576000000000	-5.9628149047282
2.8576100000000	-5.9702131151621
2.8576200000000	-5.9800877135883
2.8576300000000	-5.9957722492370
2.8576400000000	-6.0141472825776
2.8576500000000	-6.0353939715186
2.8576600000000	-6.0627837938093
2.8576700000000	-6.0933313249930
2.8576800000000	-6.1272606543715
2.8576900000000	-6.1677268021733
2.8577000000000	-6.2119453675739
2.8577100000000	-6.2601952605286
2.8577200000000	-6.3154441858414
2.8577300000000	-6.3751933666634
2.8577400000000	-6.4397912008919
2.8577500000000	-6.5119224087390
2.8577600000000	-6.5894823870960
2.8577700000000	-6.6729060278185
2.8577800000000	-6.7644617822355
2.8577900000000	-6.8625794572025
2.8578000000000	-6.9677975800932
2.8578100000000	-7.0817772196988
2.8578200000000	-7.2036627618773
2.8578300000000	-7.3341070270160
2.8578400000000	-7.4738818761066
2.8578500000000	-7.6230719123291
2.8578600000000	-7.7824311747471
2.8578700000000	-7.9514148074048
2.8578800000000	-8.1313123952161
2.8578900000000	-8.3229004403109
2.8579000000000	-8.5236512551590
2.8579100000000	-8.7363225642685
2.8579200000000	-8.9614733076639
2.8579300000000	-9.1935382972556
2.8579400000000	-9.4368854388027
2.8579500000000	-9.6912635077708
2.8579600000000	-9.9464416423572
2.8579700000000	-10.208183149944
2.8579800000000	-10.474229445426
2.8579900000000	-10.727559585861
2.8580000000000	-10.974628414410
2.8580100000000	-11.209627328120
2.8580200000000	-11.407722744515
2.8580300000000	-11.575992423387
2.8580400000000	-11.705739478943
2.8580500000000	-11.769293834205
2.8580600000000	-11.777877970090
2.8580700000000	-11.726467616504
2.8580800000000	-11.597206039679
2.8580900000000	-11.409125966655
2.8581000000000	-11.166335017925
2.8581100000000	-10.866651866695
2.8581200000000	-10.530028955069
2.8581300000000	-10.164377486651
2.8581400000000	-9.7760842308806
2.8581500000000	-9.3765841675974
2.8581600000000	-8.9714317001924
2.8581700000000	-8.5691849572317
2.8581800000000	-8.1716017217229
2.8581900000000	-7.7811562725329
2.8582000000000	-7.4067816668274
2.8582100000000	-7.0437711837143
2.8582200000000	-6.6927757602093
2.8582300000000	-6.3628296504970
2.8582400000000	-6.0458284021830
2.8582500000000	-5.7416075260882
2.8582600000000	-5.4591428944580
2.8582700000000	-5.1888937166877
2.8582800000000	-4.9304032746069
2.8582900000000	-4.6923969289939
2.8583000000000	-4.4650127061679
2.8583100000000	-4.2477360535754
2.8583200000000	-4.0488782000092
2.8583300000000	-3.8588571786849
2.8583400000000	-3.6771963597367
2.8583500000000	-3.5116863978083
2.8583600000000	-3.3533286023083
2.8583700000000	-3.2017173121597
2.8583800000000	-3.0640703000535
2.8583900000000	-2.9321036585225
2.8584000000000	-2.8054879847258
2.8584100000000	-2.6908563852950
2.8584200000000	-2.5806732191391
2.8584300000000	-2.4746789469176
2.8584400000000	-2.3789369735202
2.8584500000000	-2.2866393256045
2.8584600000000	-2.1975857989215
2.8584700000000	-2.1173009992934
2.8584800000000	-2.0396563335917
2.8584900000000	-1.9644998154332
2.8585000000000	-1.8968564720849
2.8585100000000	-1.8312168034387
2.8585200000000	-1.7674669013564
2.8585300000000	-1.7101747086868
2.8585400000000	-1.6543865916140
2.8585500000000	-1.6000181252959
2.8585600000000	-1.5512227653758
2.8585700000000	-1.5035415477104
2.8585800000000	-1.4569125548222
2.8585900000000	-1.4151155773064
2.8586000000000	-1.3741296428255
2.8586100000000	-1.3339098361590
2.8586200000000	-1.2979003123332
2.8586300000000	-1.2624669568819
2.8586400000000	-1.2275775941967
2.8586500000000	-1.1963755184672
2.8586600000000	-1.1655680784348
2.8586700000000	-1.1351325808119
2.8586800000000	-1.1079428630074
2.8586900000000	-1.0810078340869
2.8587000000000	-1.0543118171325
2.8587100000000	-1.0304873161638
2.8587200000000	-1.0068099295035
2.8587300000000	-0.98326914218696
2.8587400000000	-0.96228117159645
2.8587500000000	-0.94135792650619
2.8587600000000	-0.92049266618474
2.8587700000000	-0.90190755074156
2.8587800000000	-0.88332436711740
2.8587900000000	-0.86473911424876
2.8588000000000	-0.84819958490090
2.8588100000000	-0.83161444438234
2.8588200000000	-0.81498166239343
2.8588300000000	-0.80019208977309
2.8588400000000	-0.78532123767567
2.8588500000000	-0.77036847672755
2.8588600000000	-0.75708313644930
2.8588700000000	-0.74369009766108
2.8588800000000	-0.73018971084700
2.8588900000000	-0.71820343836963
2.8589000000000	-0.70609025337878
2.8589100000000	-0.69385117612422
2.8589200000000	-0.68299190422314
2.8589300000000	-0.67199211662886
2.8589400000000	-0.66085327593439
2.8589500000000	-0.65097605660394
2.8589600000000	-0.64094908383200
2.8589700000000	-0.63077409666594
2.8589800000000	-0.62175629547753
2.8589900000000	-0.61258289391975
2.8590000000000	-0.60325578734712
2.8590100000000	-0.59499320605778
2.8590200000000	-0.58657180428355
2.8590300000000	-0.57799354749878
2.8590400000000	-0.57039728364465
2.8590500000000	-0.56264100614633
2.8590600000000	-0.55472668958511
2.8590700000000	-0.54772058306313
2.8590800000000	-0.54055482508548
2.8590900000000	-0.53323135694733
2.8591000000000	-0.52674990570899
2.8591100000000	-0.52011034937759
2.8591200000000	-0.51331456729347
2.8591300000000	-0.50730121928295
2.8591400000000	-0.50113220438279
2.8591500000000	-0.49480932138604
2.8591600000000	-0.48921506934436
2.8591700000000	-0.48346825015732
2.8591800000000	-0.47757057083057
2.8591900000000	-0.47235279180371
2.8592000000000	-0.46698602553632
2.8592100000000	-0.46147188132458
2.8592200000000	-0.45659337462526
2.8592300000000	-0.45156979802238
2.8592400000000	-0.44640266099215
2.8592500000000	-0.44183084769957
2.8592600000000	-0.43711810714792
2.8592700000000	-0.43226584956771
2.8592800000000	-0.42797210401008
2.8592900000000	-0.42354171128974
2.8593000000000	-0.41897598481547
2.8593100000000	-0.41493507427753
2.8593200000000	-0.41076186554060
2.8593300000000	-0.40645757885052
2.8593400000000	-0.40264719234688
2.8593500000000	-0.39870887221260
2.8593600000000	-0.39464374997248
2.8593700000000	-0.39104410057735
2.8593800000000	-0.38732085665267
2.8593900000000	-0.38347506589497
2.8594000000000	-0.38006855403243
2.8594100000000	-0.37654272990541
2.8594200000000	-0.37289856248855
2.8594300000000	-0.36966948991431
2.8594400000000	-0.36632530685944
2.8594500000000	-0.36286690872541
2.8594600000000	-0.35980123480244
2.8594700000000	-0.35662455420111
2.8594800000000	-0.35333769382106
2.8594900000000	-0.35042282719779
2.8595000000000	-0.34740094709861
2.8595100000000	-0.34427281683411
2.8595200000000	-0.34149743684855
2.8595300000000	-0.33861891724461
2.8595400000000	-0.33563796244577
2.8595500000000	-0.33299186556857
2.8595600000000	-0.33024637790606
2.8595700000000	-0.32740214945041
2.8595800000000	-0.32487611688288
2.8595900000000	-0.32225431407375
2.8596000000000	-0.31953734077738
2.8596100000000	-0.31712302397317
2.8596200000000	-0.31461642781237
2.8596300000000	-0.31201810573607
2.8596400000000	-0.30970792715482
2.8596500000000	-0.30730883055104
2.8596600000000	-0.30482132670797
2.8596700000000	-0.30260839354890
2.8596800000000	-0.30030977539942
2.8596900000000	-0.29792594377822
2.8597000000000	-0.29580397280465
2.8597100000000	-0.29359942369158
2.8597200000000	-0.29131273183383
2.8597300000000	-0.28927598369936
2.8597400000000	-0.28715964087172
2.8597500000000	-0.28496410552179
2.8597600000000	-0.28300732725984
2.8597700000000	-0.28097381760496
2.8597800000000	-0.27886394817709
2.8597900000000	-0.27698232271805
2.8598000000000	-0.27502671262254
2.8598100000000	-0.27299746142036
2.8598200000000	-0.27118656317721
2.8598300000000	-0.26930431434650
2.8598400000000	-0.26735103262937
2.8598500000000	-0.26560678833456
2.8598600000000	-0.26379371877456
2.8598700000000	-0.26191211789909
2.8598800000000	-0.26023077199548
2.8598900000000	-0.25848302147979
2.8599000000000	-0.25666913845723
2.8599100000000	-0.25504722244898
2.8599200000000	-0.25336122189112
2.8599300000000	-0.25161138879337
2.8599400000000	-0.25004569404699
2.8599500000000	-0.24841813828014
2.8599600000000	-0.24672895501116
2.8599700000000	-0.24521650856948
2.8599800000000	-0.24364433210612
2.8599900000000	-0.24201264211879
2.8600000000000	-0.24055068515098
