#Parameters = {n=0.01; f0=2856000000; lambda=0.10496934803922; l=0.0010496934803922; LL=0.08}
#"Frequency / GHz"	"S1,1 (8) [Magnitude in dB]"
#----------------------------------------------
2.8500000000000	-0.24195019209906
2.8500100000000	-0.24362637117687
2.8500200000000	-0.24523949924943
2.8500300000000	-0.24678944037975
2.8500400000000	-0.24852577411149
2.8500500000000	-0.25019642279410
2.8500600000000	-0.25180123743502
2.8500700000000	-0.25360094628892
2.8500800000000	-0.25533219282431
2.8500900000000	-0.25699481359078
2.8501000000000	-0.25886134945603
2.8501100000000	-0.26065649327440
2.8501200000000	-0.26238006557008
2.8501300000000	-0.26431713262631
2.8501400000000	-0.26617971556229
2.8501500000000	-0.26796761712273
2.8501600000000	-0.26997919496578
2.8501700000000	-0.27191302368590
2.8501800000000	-0.27376888628515
2.8501900000000	-0.27585925559413
2.8502000000000	-0.27786842652020
2.8502100000000	-0.27979616012113
2.8502200000000	-0.28196993119120
2.8502300000000	-0.28405885823732
2.8502400000000	-0.28606267790472
2.8502500000000	-0.28832482241492
2.8502600000000	-0.29049826791152
2.8502700000000	-0.29258272385591
2.8502800000000	-0.29493861029860
2.8502900000000	-0.29720171952491
2.8503000000000	-0.29937173069820
2.8503100000000	-0.30182716395726
2.8503200000000	-0.30418550377096
2.8503300000000	-0.30644639550228
2.8503400000000	-0.30900766114383
2.8503500000000	-0.31146726327100
2.8503600000000	-0.31382480950485
2.8503700000000	-0.31649872342465
2.8503800000000	-0.31906613305799
2.8503900000000	-0.32152660384367
2.8504000000000	-0.32432056802396
2.8504100000000	-0.32700289848358
2.8504200000000	-0.32957311347270
2.8504300000000	-0.33249517871023
2.8504400000000	-0.33530017303455
2.8504500000000	-0.33798756186009
2.8504600000000	-0.34104649847100
2.8504700000000	-0.34398259895543
2.8504800000000	-0.34679526951395
2.8504900000000	-0.35000064718215
2.8505000000000	-0.35307707403769
2.8505100000000	-0.35602388986269
2.8505200000000	-0.35938616798687
2.8505300000000	-0.36261300849859
2.8505400000000	-0.36570367661563
2.8505500000000	-0.36923430674074
2.8505600000000	-0.37262261652946
2.8505700000000	-0.37586778741943
2.8505800000000	-0.37957932959982
2.8505900000000	-0.38314124786738
2.8506000000000	-0.38655262944804
2.8506100000000	-0.39045888471295
2.8506200000000	-0.39420776568082
2.8506300000000	-0.39779825355346
2.8506400000000	-0.40191441501136
2.8506500000000	-0.40586497814481
2.8506600000000	-0.40964880474935
2.8506700000000	-0.41399163032624
2.8506800000000	-0.41816013240543
2.8506900000000	-0.42215303821086
2.8507000000000	-0.42674104853976
2.8507100000000	-0.43114548118390
2.8507200000000	-0.43536491160929
2.8507300000000	-0.44021861722976
2.8507400000000	-0.44487893415078
2.8507500000000	-0.44934426660014
2.8507600000000	-0.45448642938381
2.8507700000000	-0.45942480842689
2.8507800000000	-0.46415761464394
2.8507900000000	-0.46961354927259
2.8508000000000	-0.47485469525998
2.8508100000000	-0.47987904520253
2.8508200000000	-0.48567696761730
2.8508300000000	-0.49124846315167
2.8508400000000	-0.49659127777115
2.8508500000000	-0.50276270881736
2.8508600000000	-0.50869542156771
2.8508700000000	-0.51438688332969
2.8508800000000	-0.52096711740528
2.8508900000000	-0.52729567406659
2.8509000000000	-0.53336970577724
2.8509100000000	-0.54039835617274
2.8509200000000	-0.54716169527307
2.8509300000000	-0.55365651987616
2.8509400000000	-0.56117815479309
2.8509500000000	-0.56842017294096
2.8509600000000	-0.57537896949362
2.8509700000000	-0.58344385545737
2.8509800000000	-0.59121416451398
2.8509900000000	-0.59868583861199
2.8510000000000	-0.60735081131004
2.8510100000000	-0.61570562748992
2.8510200000000	-0.62374571812525
2.8510300000000	-0.63307520467251
2.8510400000000	-0.64207839477898
2.8510500000000	-0.65075014408918
2.8510600000000	-0.66081736549451
2.8510700000000	-0.67054168058962
2.8510800000000	-0.67991729836057
2.8510900000000	-0.69080568668903
2.8511000000000	-0.70133421958841
2.8511100000000	-0.71149638084882
2.8511200000000	-0.72330125238541
2.8511300000000	-0.73472916263636
2.8511400000000	-0.74577278446939
2.8511500000000	-0.75860331830690
2.8511600000000	-0.77103987699052
2.8511700000000	-0.78307422992536
2.8511800000000	-0.79705581091350
2.8511900000000	-0.81062682780086
2.8512000000000	-0.82377804807152
2.8512100000000	-0.83905504423260
2.8512200000000	-0.85390575177069
2.8512300000000	-0.86831983350728
2.8512400000000	-0.88505889080226
2.8512500000000	-0.90135737310033
2.8512600000000	-0.91720373420117
2.8512700000000	-0.93559768598732
2.8512800000000	-0.95353895645767
2.8512900000000	-0.97101468844787
2.8513000000000	-0.99128719279618
2.8513100000000	-1.0110980409885
2.8513200000000	-1.0304329712238
2.8513300000000	-1.0528440058370
2.8513400000000	-1.0747887516410
2.8513500000000	-1.0962514650054
2.8513600000000	-1.1211038256662
2.8513700000000	-1.1454911361038
2.8513800000000	-1.1693961212962
2.8513900000000	-1.1970430833995
2.8514000000000	-1.2242340212671
2.8514100000000	-1.2509501212994
2.8514200000000	-1.2818044318621
2.8514300000000	-1.3122219128541
2.8514400000000	-1.3421822662629
2.8514500000000	-1.3767266304025
2.8514600000000	-1.4108664600662
2.8514700000000	-1.4445801119383
2.8514800000000	-1.4833793158029
2.8514900000000	-1.5218229513342
2.8515000000000	-1.5598882823209
2.8515100000000	-1.6036030425184
2.8515200000000	-1.6470321648412
2.8515300000000	-1.6901522184254
2.8515400000000	-1.7395547520250
2.8515500000000	-1.7887676252338
2.8515600000000	-1.8377672917201
2.8515700000000	-1.8937584427240
2.8515800000000	-1.9496878614759
2.8515900000000	-2.0055326810239
2.8516000000000	-2.0691601991390
2.8516100000000	-2.1328925598344
2.8516200000000	-2.1967086158581
2.8516300000000	-2.2691858444826
2.8516400000000	-2.3419805071436
2.8516500000000	-2.4150744810473
2.8516600000000	-2.4977982675021
2.8516700000000	-2.5811059005189
2.8516800000000	-2.6649838531704
2.8516900000000	-2.7595499659451
2.8517000000000	-2.8550280155495
2.8517100000000	-2.9514108913671
2.8517200000000	-3.0596246827104
2.8517300000000	-3.1691475664264
2.8517400000000	-3.2799808847308
2.8517500000000	-3.4038605106087
2.8517600000000	-3.5295217606008
2.8517700000000	-3.6569766533415
2.8517800000000	-3.7987460787419
2.8517900000000	-3.9428497053194
2.8518000000000	-4.0893126546436
2.8518100000000	-4.2513822278580
2.8518200000000	-4.4164213486391
2.8518300000000	-4.5844709962776
2.8518400000000	-4.7694048725408
2.8518500000000	-4.9580274437134
2.8518600000000	-5.1503989469997
2.8518700000000	-5.3608712406774
2.8518800000000	-5.5758356274390
2.8518900000000	-5.7953762341919
2.8519000000000	-6.0341212967542
2.8519100000000	-6.2782481173838
2.8519200000000	-6.5278714685650
2.8519300000000	-6.7976374106638
2.8519400000000	-7.0737677049002
2.8519500000000	-7.3564178102274
2.8519600000000	-7.6599350342652
2.8519700000000	-7.9709069358655
2.8519800000000	-8.2895442832562
2.8519900000000	-8.6295207501548
2.8520000000000	-8.9781758346724
2.8520100000000	-9.3357960261147
2.8520200000000	-9.7149466743707
2.8520300000000	-10.104171466403
2.8520400000000	-10.503859590183
2.8520500000000	-10.924967324318
2.8520600000000	-11.357763518940
2.8520700000000	-11.802773331363
2.8520800000000	-12.268761085237
2.8520900000000	-12.748316829899
2.8521000000000	-13.242138473784
2.8521100000000	-13.756100060834
2.8521200000000	-14.285795702069
2.8521300000000	-14.832127308552
2.8521400000000	-15.397203213224
2.8521500000000	-15.980406450180
2.8521600000000	-16.582843932613
2.8521700000000	-17.201694657621
2.8521800000000	-17.841027413607
2.8521900000000	-18.502062498853
2.8522000000000	-19.175414845378
2.8522100000000	-19.870816324152
2.8522200000000	-20.589273437770
2.8522300000000	-21.312450382409
2.8522400000000	-22.056679794850
2.8522500000000	-22.821928645656
2.8522600000000	-23.577526908931
2.8522700000000	-24.347110739194
2.8522800000000	-25.128106101348
2.8522900000000	-25.873752900395
2.8523000000000	-26.615777979085
2.8523100000000	-27.348054344681
2.8523200000000	-28.007440841594
2.8523300000000	-28.636807745957
2.8523400000000	-29.229965146158
2.8523500000000	-29.716689453828
2.8523600000000	-30.156360146618
2.8523700000000	-30.549696776257
2.8523800000000	-30.830713233810
2.8523900000000	-31.071345868868
2.8524000000000	-31.276577648845
2.8524100000000	-31.381278647464
2.8524200000000	-31.455877399533
2.8524300000000	-31.500274488399
2.8524400000000	-31.443220255951
2.8524500000000	-31.347787649881
2.8524600000000	-31.208098306240
2.8524700000000	-30.954646539144
2.8524800000000	-30.648504170908
2.8524900000000	-30.287520792300
2.8525000000000	-29.822299642353
2.8525100000000	-29.312706526641
2.8525200000000	-28.764196640208
2.8525300000000	-28.151364769108
2.8525400000000	-27.520697175525
2.8525500000000	-26.878268705163
2.8525600000000	-26.213104759344
2.8525700000000	-25.551602814209
2.8525800000000	-24.896654354478
2.8525900000000	-24.245163664857
2.8526000000000	-23.607240267643
2.8526100000000	-22.983425637090
2.8526200000000	-22.375859042466
2.8526300000000	-21.784323923097
2.8526400000000	-21.208370471567
2.8526500000000	-20.653868590415
2.8526600000000	-20.114594941555
2.8526700000000	-19.589842808451
2.8526800000000	-19.088055019015
2.8526900000000	-18.599616751534
2.8527000000000	-18.123851697085
2.8527100000000	-17.670881746031
2.8527200000000	-17.229230251374
2.8527300000000	-16.798335363404
2.8527400000000	-16.389339860350
2.8527500000000	-15.989811800796
2.8527600000000	-15.599311040919
2.8527700000000	-15.229531127092
2.8527800000000	-14.867636412585
2.8527900000000	-14.513291565638
2.8528000000000	-14.178409973036
2.8528100000000	-13.850096682017
2.8528200000000	-13.528099816441
2.8528300000000	-13.224321329100
2.8528400000000	-12.926026166875
2.8528500000000	-12.633026601018
2.8528600000000	-12.357052562296
2.8528700000000	-12.085669661545
2.8528800000000	-11.818738643635
2.8528900000000	-11.567707131493
2.8529000000000	-11.320531280529
2.8529100000000	-11.077108161021
2.8529200000000	-10.848528927977
2.8529300000000	-10.623196092766
2.8529400000000	-10.401033840635
2.8529500000000	-10.192728932993
2.8529600000000	-9.9871625966781
2.8529700000000	-9.7842792236630
2.8529800000000	-9.5943325087334
2.8529900000000	-9.4066982363890
2.8530000000000	-9.2213358506494
2.8530100000000	-9.0480515498555
2.8530200000000	-8.8767196833048
2.8530300000000	-8.7073109092769
2.8530400000000	-8.5491800821742
2.8530500000000	-8.3926955535224
2.8530600000000	-8.2378363399774
2.8530700000000	-8.0935099615141
2.8530800000000	-7.9505679871359
2.8530900000000	-7.8089956654471
2.8531000000000	-7.6772629850517
2.8531100000000	-7.5466894601462
2.8531200000000	-7.4172649856907
2.8531300000000	-7.2970360308953
2.8531400000000	-7.1777716070214
2.8531500000000	-7.0594650702734
2.8531600000000	-6.9497563619998
2.8531700000000	-6.8408433757480
2.8531800000000	-6.7327220403236
2.8531900000000	-6.6326447803335
2.8532000000000	-6.5332163758913
2.8532100000000	-6.4344346592558
2.8532200000000	-6.3431848180427
2.8532300000000	-6.2524557571425
2.8532400000000	-6.1622467057060
2.8532500000000	-6.0790965766847
2.8532600000000	-5.9963553527986
2.8532700000000	-5.9140232742207
2.8532800000000	-5.8383141697741
2.8532900000000	-5.7629161414776
2.8533000000000	-5.6878301444732
2.8533100000000	-5.6189661507373
2.8533200000000	-5.5503276396427
2.8533300000000	-5.4819160523426
2.8533400000000	-5.4193578788738
2.8533500000000	-5.3569502988472
2.8533600000000	-5.2946950609845
2.8533700000000	-5.2379554428026
2.8533800000000	-5.1813009191405
2.8533900000000	-5.1247334060309
2.8534000000000	-5.0733723686497
2.8534100000000	-5.0220391865885
2.8534200000000	-4.9707358320865
2.8534300000000	-4.9243565533505
2.8534400000000	-4.8779551709901
2.8534500000000	-4.8315336248296
2.8534600000000	-4.7897786799032
2.8534700000000	-4.7479581004994
2.8534800000000	-4.7060737229307
2.8534900000000	-4.6686216724220
2.8535000000000	-4.6310661411315
2.8535100000000	-4.5934088045468
2.8535200000000	-4.5599710937452
2.8535300000000	-4.5263970905853
2.8535400000000	-4.4926882633983
2.8535500000000	-4.4630064061337
2.8535600000000	-4.4331599114780
2.8535700000000	-4.4031500030973
2.8535800000000	-4.3769930273835
2.8535900000000	-4.3506470392778
2.8536000000000	-4.3241129874301
2.8536100000000	-4.3012751226107
2.8536200000000	-4.2782274072240
2.8536300000000	-4.2549704904162
2.8536400000000	-4.2352690773302
2.8536500000000	-4.2153401353321
2.8536600000000	-4.1951839944191
2.8536700000000	-4.1784576014619
2.8536800000000	-4.1614888341957
2.8536900000000	-4.1442776878383
2.8537000000000	-4.1303844169168
2.8537100000000	-4.1162364771618
2.8537200000000	-4.1018335167482
2.8537300000000	-4.0906494840523
2.8537400000000	-4.0792007969840
2.8537500000000	-4.0674867472584
2.8537600000000	-4.0589047246848
2.8537700000000	-4.0500501654316
2.8537800000000	-4.0409219977578
2.8537900000000	-4.0348502016323
2.8538000000000	-4.0284999165622
2.8538100000000	-4.0218697024443
2.8538200000000	-4.0182307170180
2.8538300000000	-4.0143090766540
2.8538400000000	-4.0101029698083
2.8538500000000	-4.0088327937738
2.8538600000000	-4.0072774659594
2.8538700000000	-4.0054348019282
2.8538800000000	-4.0064820069671
2.8538900000000	-4.0072431396146
2.8539000000000	-4.0077156425695
2.8539100000000	-4.0110406336592
2.8539200000000	-4.0140801371016
2.8539300000000	-4.0168312241392
2.8539400000000	-4.0224055920294
2.8539500000000	-4.0276965116365
2.8539600000000	-4.0327006854759
2.8539700000000	-4.0405066423754
2.8539800000000	-4.0480326126977
2.8539900000000	-4.0552749342594
2.8540000000000	-4.0653048243558
2.8540100000000	-4.0750595966106
2.8540200000000	-4.0845352294799
2.8540300000000	-4.0967911064291
2.8540400000000	-4.1087781416336
2.8540500000000	-4.1204919608786
2.8540600000000	-4.1349852248797
2.8540700000000	-4.1492173453851
2.8540800000000	-4.1631836036224
2.8540900000000	-4.1799346910804
2.8541000000000	-4.1964337836386
2.8541100000000	-4.2126758275941
2.8541200000000	-4.2317139467522
2.8541300000000	-4.2505107105812
2.8541400000000	-4.2690607417139
2.8541500000000	-4.2904236479180
2.8541600000000	-4.3115573815304
2.8541700000000	-4.3324562545639
2.8541800000000	-4.3561900590996
2.8541900000000	-4.3797084798889
2.8542000000000	-4.4030055333078
2.8542100000000	-4.4291645399805
2.8542200000000	-4.4551236307908
2.8542300000000	-4.4808765435966
2.8542400000000	-4.5095231074130
2.8542500000000	-4.5379869845118
2.8542600000000	-4.5662616536941
2.8542700000000	-4.5974660562360
2.8542800000000	-4.6285068533107
2.8542900000000	-4.6593772866958
2.8543000000000	-4.6932176229518
2.8543100000000	-4.7269153859460
2.8543200000000	-4.7604636053030
2.8543300000000	-4.7970256769744
2.8543400000000	-4.8334682648190
2.8543500000000	-4.8697842143127
2.8543600000000	-4.9091614248749
2.8543700000000	-4.9484444114784
2.8543800000000	-4.9876258669045
2.8543900000000	-5.0299191140613
2.8544000000000	-5.0721456872323
2.8544100000000	-5.1142981617900
2.8544200000000	-5.1596157233664
2.8544300000000	-5.2048965768597
2.8544400000000	-5.2501332197615
2.8544500000000	-5.2985906296379
2.8544600000000	-5.3470438450253
2.8544700000000	-5.3954853297737
2.8544800000000	-5.4472052411461
2.8544900000000	-5.4989561569615
2.8545000000000	-5.5507305569508
2.8545100000000	-5.6058425909821
2.8545200000000	-5.6610236574468
2.8545300000000	-5.7162663073941
2.8545400000000	-5.7749068863871
2.8545500000000	-5.8336575050798
2.8545600000000	-5.8925108479252
2.8545700000000	-5.9548230132577
2.8545800000000	-6.0172893623010
2.8545900000000	-6.0799027825200
2.8546000000000	-6.1460359989858
2.8546100000000	-6.2123708457496
2.8546200000000	-6.2789004914437
2.8546300000000	-6.3490104411581
2.8546400000000	-6.4193729461222
2.8546500000000	-6.4899815440039
2.8546600000000	-6.5642299147758
2.8546700000000	-6.6387854318722
2.8546800000000	-6.7136421009898
2.8546900000000	-6.7921963758604
2.8547000000000	-6.8711162566375
2.8547100000000	-6.9503963287656
2.8547200000000	-7.0334298708274
2.8547300000000	-7.1168915733124
2.8547400000000	-7.2007767278192
2.8547500000000	-7.2884677629677
2.8547600000000	-7.3766538377994
2.8547700000000	-7.4653310930841
2.8547800000000	-7.5578633824517
2.8547900000000	-7.6509621895131
2.8548000000000	-7.7446246666143
2.8548100000000	-7.8421871400382
2.8548200000000	-7.9403925075382
2.8548300000000	-8.0392391176083
2.8548400000000	-8.1420258387372
2.8548500000000	-8.2455370657864
2.8548600000000	-8.3497725534607
2.8548700000000	-8.4579827669385
2.8548800000000	-8.5670047148807
2.8548900000000	-8.6768397975574
2.8549000000000	-8.7906780774531
2.8549100000000	-8.9054213699107
2.8549200000000	-9.0210729937254
2.8549300000000	-9.1407495133327
2.8549400000000	-9.2614308657634
2.8549500000000	-9.3831225998225
2.8549600000000	-9.5088535435667
2.8549700000000	-9.6356962437993
2.8549800000000	-9.7636588350608
2.8549900000000	-9.8956669733510
2.8550000000000	-10.028901534822
2.8550100000000	-10.163373646099
2.8550200000000	-10.301889094017
2.8550300000000	-10.441754103284
2.8550400000000	-10.582983257069
2.8550500000000	-10.728244437213
2.8550600000000	-10.874987617135
2.8550700000000	-11.023231367653
2.8550800000000	-11.175486196961
2.8550900000000	-11.329365706383
2.8551000000000	-11.484893061983
2.8551100000000	-11.644400381656
2.8551200000000	-11.805686372047
2.8551300000000	-11.968779490058
2.8551400000000	-12.135810757059
2.8551500000000	-12.304787206139
2.8551600000000	-12.475743382038
2.8551700000000	-12.650584640251
2.8551800000000	-12.827551482736
2.8551900000000	-13.006685456163
2.8552000000000	-13.189639605246
2.8552100000000	-13.374915181099
2.8552200000000	-13.562561781944
2.8552300000000	-13.753951162433
2.8552400000000	-13.947875004116
2.8552500000000	-14.144392163882
2.8552600000000	-14.344561478019
2.8552700000000	-14.547497460069
2.8552800000000	-14.753269615957
2.8552900000000	-14.962589205845
2.8553000000000	-15.174929082545
2.8553100000000	-15.390371005561
2.8553200000000	-15.609240512611
2.8553300000000	-15.831407873268
2.8553400000000	-16.056968956048
2.8553500000000	-16.285821389303
2.8553600000000	-16.518276064943
2.8553700000000	-16.754445110645
2.8553800000000	-16.993751355704
2.8553900000000	-17.236994316420
2.8554000000000	-17.484304877064
2.8554100000000	-17.734578682150
2.8554200000000	-17.989157470368
2.8554300000000	-18.248193790256
2.8554400000000	-18.509997271281
2.8554500000000	-18.776512023123
2.8554600000000	-19.047915651900
2.8554700000000	-19.321865364017
2.8554800000000	-19.600975477723
2.8554900000000	-19.885452626312
2.8555000000000	-20.172226254917
2.8555100000000	-20.464657773088
2.8555200000000	-20.762987495738
2.8555300000000	-21.063331225635
2.8555400000000	-21.369885005141
2.8555500000000	-21.682928300533
2.8555600000000	-21.997664927942
2.8555700000000	-22.319225680098
2.8555800000000	-22.647935615909
2.8555900000000	-22.977973475460
2.8556000000000	-23.315519769263
2.8556100000000	-23.660952749157
2.8556200000000	-24.007295540790
2.8556300000000	-24.361910879237
2.8556400000000	-24.725239193252
2.8556500000000	-25.088996818883
2.8556600000000	-25.461881930626
2.8556700000000	-25.844407772013
2.8556800000000	-26.226808344737
2.8556900000000	-26.619294899421
2.8557000000000	-27.022466113045
2.8557100000000	-27.424869412852
2.8557200000000	-27.838435505780
2.8557300000000	-28.263863502699
2.8557400000000	-28.687776380448
2.8557500000000	-29.124064409361
2.8557600000000	-29.573545022005
2.8557700000000	-30.020639703298
2.8557800000000	-30.481477807994
2.8557900000000	-30.957016531182
2.8558000000000	-31.429153632083
2.8558100000000	-31.916582910368
2.8558200000000	-32.420427251716
2.8558300000000	-32.919686897478
2.8558400000000	-33.435998524656
2.8558500000000	-33.970682536055
2.8558600000000	-34.499409737756
2.8558700000000	-35.047199451580
2.8558800000000	-35.615609606692
2.8558900000000	-36.176484549414
2.8559000000000	-36.758737337649
2.8559100000000	-37.364215485253
2.8559200000000	-37.960365798176
2.8559300000000	-38.580591077966
2.8559400000000	-39.227099120789
2.8559500000000	-39.862277606053
2.8559600000000	-40.524721718627
2.8559700000000	-41.217099576107
2.8559800000000	-41.895947442037
2.8559900000000	-42.605901716884
2.8560000000000	-43.350234905972
2.8560100000000	-44.078602096390
2.8560200000000	-44.842750087780
2.8560300000000	-45.646752430783
2.8560400000000	-46.431818706649
2.8560500000000	-47.258233234727
2.8560600000000	-48.131065899331
2.8560700000000	-48.980201915155
2.8560800000000	-49.876408384706
2.8560900000000	-50.825579811796
2.8561000000000	-51.739967829461
2.8561100000000	-52.703188352627
2.8561200000000	-53.719816547986
2.8561300000000	-54.669556127119
2.8561400000000	-55.650444060635
2.8561500000000	-56.657261389898
2.8561600000000	-57.508390710752
2.8561700000000	-58.320627548953
2.8561800000000	-59.071379576125
2.8561900000000	-59.554849576255
2.8562000000000	-59.918961625607
2.8562100000000	-60.053340872269
2.8562200000000	-59.941929667088
2.8562300000000	-59.766449530646
2.8562400000000	-59.550412178104
2.8562500000000	-59.130233344935
2.8562600000000	-58.720002799816
2.8562700000000	-58.316916473935
2.8562800000000	-57.767437314785
2.8562900000000	-57.228371426211
2.8563000000000	-56.685352897882
2.8563100000000	-56.002837380125
2.8563200000000	-55.310224335978
2.8563300000000	-54.599576040739
2.8563400000000	-53.762061190507
2.8563500000000	-52.916407110698
2.8563600000000	-52.064070712860
2.8563700000000	-51.118829861125
2.8563800000000	-50.185994302750
2.8563900000000	-49.268515051880
2.8564000000000	-48.293107525333
2.8564100000000	-47.347453806210
2.8564200000000	-46.431874134315
2.8564300000000	-45.481610927134
2.8564400000000	-44.568560092117
2.8564500000000	-43.690948683873
2.8564600000000	-42.791522269779
2.8564700000000	-41.930059738726
2.8564800000000	-41.103951864426
2.8564900000000	-40.262872348755
2.8565000000000	-39.457453000598
2.8565100000000	-38.684988491142
2.8565200000000	-37.901345057883
2.8565300000000	-37.150045489855
2.8565400000000	-36.428595950062
2.8565500000000	-35.698264578067
2.8565600000000	-34.996856894652
2.8565700000000	-34.322182054563
2.8565800000000	-33.640178079934
2.8565900000000	-32.983921276410
2.8566000000000	-32.351525828874
2.8566100000000	-31.712968428821
2.8566200000000	-31.097328151354
2.8566300000000	-30.502994721358
2.8566400000000	-29.903455753221
2.8566500000000	-29.324354518716
2.8566600000000	-28.764319176783
2.8566700000000	-28.199912183813
2.8566800000000	-27.653782832249
2.8566900000000	-27.124762041319
2.8567000000000	-26.592127784495
2.8567100000000	-26.075889598098
2.8567200000000	-25.575049823593
2.8567300000000	-25.071305480357
2.8567400000000	-24.582314223888
2.8567500000000	-24.107223298180
2.8567600000000	-23.629903368492
2.8567700000000	-23.165896579775
2.8567800000000	-22.714472985181
2.8567900000000	-22.261472919597
2.8568000000000	-21.820518703630
2.8568100000000	-21.390984890356
2.8568200000000	-20.960511107907
2.8568300000000	-20.540963030935
2.8568400000000	-20.131804537199
2.8568500000000	-19.722331406158
2.8568600000000	-19.322789708689
2.8568700000000	-18.932720029087
2.8568800000000	-18.542953161290
2.8568900000000	-18.162231579634
2.8569000000000	-17.790162030555
2.8569100000000	-17.419006835041
2.8569200000000	-17.056104029965
2.8569300000000	-16.701117657419
2.8569400000000	-16.347652044750
2.8569500000000	-16.001726616208
2.8569600000000	-15.663055201379
2.8569700000000	-15.326505420751
2.8569800000000	-14.996853584418
2.8569900000000	-14.673856903018
2.8570000000000	-14.353575642177
2.8570100000000	-14.039610785702
2.8570200000000	-13.731757415398
2.8570300000000	-13.427203465257
2.8570400000000	-13.128436966402
2.8570500000000	-12.835286095852
2.8570600000000	-12.546005063558
2.8570700000000	-12.262027927541
2.8570800000000	-11.983211790077
2.8570900000000	-11.708817534015
2.8571000000000	-11.439282590660
2.8571100000000	-11.174489324883
2.8571200000000	-10.914645977023
2.8571300000000	-10.659250564778
2.8571400000000	-10.408207485612
2.8571500000000	-10.162612114669
2.8571600000000	-9.9210813591246
2.8571700000000	-9.6835387965960
2.8571800000000	-9.4519049372912
2.8571900000000	-9.2239758942256
2.8572000000000	-8.9996919101146
2.8572100000000	-8.7817343237986
2.8572200000000	-8.5671413832884
2.8572300000000	-8.3558677892087
2.8572400000000	-8.1512889121030
2.8572500000000	-7.9497509354287
2.8572600000000	-7.7512210948377
2.8572700000000	-7.5596996568735
2.8572800000000	-7.3709093264150
2.8572900000000	-7.1848282137118
2.8573000000000	-7.0060104658155
2.8573100000000	-6.8296262655697
2.8573200000000	-6.6556631764028
2.8573300000000	-6.4891570483953
2.8573400000000	-6.3247981626244
2.8573500000000	-6.1625823262681
2.8573600000000	-6.0079546648845
2.8573700000000	-5.8551989017172
2.8573800000000	-5.7043180589647
2.8573900000000	-5.5610948903630
2.8574000000000	-5.4194795310106
2.8574100000000	-5.2794813358432
2.8574200000000	-5.1471508883932
2.8574300000000	-5.0161761611859
2.8574400000000	-4.8865720710175
2.8574500000000	-4.7645901129937
2.8574600000000	-4.6437248235537
2.8574700000000	-4.5239959888864
2.8574800000000	-4.4117929058407
2.8574900000000	-4.3004816413268
2.8575000000000	-4.1900862088734
2.8575100000000	-4.0870751810660
2.8575200000000	-3.9847464591232
2.8575300000000	-3.8831276712469
2.8575400000000	-3.7887133142325
2.8575500000000	-3.6947880640100
2.8575600000000	-3.6013825670526
2.8575700000000	-3.5149694598473
2.8575800000000	-3.4288692932455
2.8575900000000	-3.3431151464867
2.8576000000000	-3.2641157750438
2.8576100000000	-3.1852706134899
2.8576200000000	-3.1066146004491
2.8576300000000	-3.0344563701159
2.8576400000000	-2.9623111170595
2.8576500000000	-2.8902150840007
2.8576600000000	-2.8243461850207
2.8576700000000	-2.7583662596155
2.8576800000000	-2.6923123260315
2.8576900000000	-2.6322063557882
2.8577000000000	-2.5718820154468
2.8577100000000	-2.5113766064464
2.8577200000000	-2.4565359517148
2.8577300000000	-2.4013854228346
2.8577400000000	-2.3459621569624
2.8577500000000	-2.2959202141943
2.8577600000000	-2.2454917171966
2.8577700000000	-2.1947132431050
2.8577800000000	-2.1490356044775
2.8577900000000	-2.1029084027655
2.8578000000000	-2.0563673154891
2.8578100000000	-2.0146520756835
2.8578200000000	-1.9724367003623
2.8578300000000	-1.9297556858005
2.8578400000000	-1.8916330335388
2.8578500000000	-1.8529708416802
2.8578600000000	-1.8138022009989
2.8578700000000	-1.7789334549654
2.8578800000000	-1.7434956730092
2.8578900000000	-1.7075203709007
2.8579000000000	-1.6755966063185
2.8579100000000	-1.6430829963219
2.8579200000000	-1.6100093627440
2.8579300000000	-1.5807497565526
2.8579400000000	-1.5508870249126
2.8579500000000	-1.5204492220837
2.8579600000000	-1.4935992241589
2.8579700000000	-1.4661392726962
2.8579800000000	-1.4380956202255
2.8579900000000	-1.4134250376730
2.8580000000000	-1.3881431377219
2.8580100000000	-1.3622743704201
2.8580200000000	-1.3395753593062
2.8580300000000	-1.3162682415812
2.8580400000000	-1.2923756915018
2.8580500000000	-1.2714610859785
2.8580600000000	-1.2499453532037
2.8580700000000	-1.2278494403274
2.8580800000000	-1.2085506760565
2.8580900000000	-1.1886608307828
2.8581000000000	-1.1681991899798
2.8581100000000	-1.1503646508234
2.8581200000000	-1.1319515258736
2.8581300000000	-1.1129775166401
2.8581400000000	-1.0964709055089
2.8581500000000	-1.0794001166682
2.8581600000000	-1.0617813537610
2.8581700000000	-1.0464801816815
2.8581800000000	-1.0306306917829
2.8581900000000	-1.0142476810395
2.8582000000000	-1.0000418772963
2.8582100000000	-0.98530467421661
2.8582200000000	-0.97004955568348
2.8582300000000	-0.95684019785862
2.8582400000000	-0.94311708521788
2.8582500000000	-0.92889248234431
2.8582600000000	-0.91659064226412
2.8582700000000	-0.90379313908994
2.8582800000000	-0.89051111039553
2.8582900000000	-0.87903681010818
2.8583000000000	-0.86708515395634
2.8583100000000	-0.85466624200065
2.8583200000000	-0.84394751277822
2.8583300000000	-0.83276975978766
2.8583400000000	-0.82114213134306
2.8583500000000	-0.81111416807097
2.8583600000000	-0.80064538286232
2.8583700000000	-0.78974405365708
2.8583800000000	-0.78034845679406
2.8583900000000	-0.77052998492356
2.8584000000000	-0.76029612218177
2.8584100000000	-0.75148021953677
2.8584200000000	-0.74225903530454
2.8584300000000	-0.73263933136443
2.8584400000000	-0.72435557220636
2.8584500000000	-0.71568369485255
2.8584600000000	-0.70662980537985
2.8584700000000	-0.69883521980433
2.8584800000000	-0.69066919150314
2.8584900000000	-0.68213723215261
2.8585000000000	-0.67479294909143
2.8585100000000	-0.66709336856657
2.8585200000000	-0.65904346434148
2.8585300000000	-0.65211428211554
2.8585400000000	-0.64484538819299
2.8585500000000	-0.63724127018760
2.8585600000000	-0.63069527401445
2.8585700000000	-0.62382457387750
2.8585800000000	-0.61663321851681
2.8585900000000	-0.61044143990609
2.8586000000000	-0.60393937730874
2.8586100000000	-0.59713068364948
2.8586200000000	-0.59126679709476
2.8586300000000	-0.58510645623365
2.8586400000000	-0.57865295728838
2.8586500000000	-0.57309301013898
2.8586600000000	-0.56724985130446
2.8586700000000	-0.56112645575898
2.8586800000000	-0.55584862757690
2.8586900000000	-0.55030025111051
2.8587000000000	-0.54448401216403
2.8587100000000	-0.53946840026329
2.8587200000000	-0.53419433570570
2.8587300000000	-0.52866424410324
2.8587400000000	-0.52389267233463
2.8587500000000	-0.51887418998934
2.8587600000000	-0.51361098862482
2.8587700000000	-0.50906683678956
2.8587800000000	-0.50428677921903
2.8587900000000	-0.49927279696798
2.8588000000000	-0.49494084853827
2.8588100000000	-0.49038347979589
2.8588200000000	-0.48560248249089
2.8588300000000	-0.48146878857709
2.8588400000000	-0.47711965920951
2.8588500000000	-0.47255671589780
2.8588600000000	-0.46860847363802
2.8588700000000	-0.46445429972234
2.8588800000000	-0.46009566255449
2.8588900000000	-0.45632110630920
2.8589000000000	-0.45234966097894
2.8589100000000	-0.44818265725296
2.8589200000000	-0.44457096117390
2.8589300000000	-0.44077097726567
2.8589400000000	-0.43678391232026
2.8589500000000	-0.43332510302950
2.8589600000000	-0.42968618563285
2.8589700000000	-0.42586825542854
2.8589800000000	-0.42255313368462
2.8589900000000	-0.41906568152070
2.8590000000000	-0.41540689387195
2.8590100000000	-0.41222696423379
2.8590200000000	-0.40888209890664
2.8590300000000	-0.40537320244869
2.8590400000000	-0.40232061005976
2.8590500000000	-0.39911011233125
2.8590600000000	-0.39574253240342
2.8590700000000	-0.39281000611954
2.8590800000000	-0.38972625845790
2.8590900000000	-0.38649203917945
2.8591000000000	-0.38367284035276
2.8591100000000	-0.38070877508692
2.8591200000000	-0.37760052697569
2.8591300000000	-0.37488840328588
2.8591400000000	-0.37203745577303
2.8591500000000	-0.36904830833612
2.8591600000000	-0.36643745212900
2.8591700000000	-0.36369351840911
2.8591800000000	-0.36081707719036
2.8591900000000	-0.35830208784490
2.8592000000000	-0.35565948631548
2.8592100000000	-0.35288979394527
2.8592200000000	-0.35046564384591
2.8592300000000	-0.34791908053907
2.8592400000000	-0.34525058138102
2.8592500000000	-0.34291258511582
2.8592600000000	-0.34045712220954
2.8592700000000	-0.33788463023926
2.8592800000000	-0.33562841669104
2.8592900000000	-0.33325944392497
2.8593000000000	-0.33077811351978
2.8593100000000	-0.32859960055125
2.8593200000000	-0.32631280925171
2.8593300000000	-0.32391810860040
2.8593400000000	-0.32181348006904
2.8593500000000	-0.31960483952334
2.8593600000000	-0.31729252640053
2.8593700000000	-0.31525821126657
2.8593800000000	-0.31312394721200
2.8593900000000	-0.31089004688273
2.8594000000000	-0.30892270020091
2.8594100000000	-0.30685927522026
2.8594200000000	-0.30470006027204
2.8594300000000	-0.30279654587867
2.8594400000000	-0.30080064151519
2.8594500000000	-0.29871261342915
2.8594600000000	-0.29686998815778
2.8594700000000	-0.29493848858392
2.8594800000000	-0.29291836088160
2.8594900000000	-0.29113386015796
2.8595000000000	-0.28926383724729
2.8595100000000	-0.28730852006284
2.8595200000000	-0.28557954474466
2.8595300000000	-0.28376824441391
2.8595400000000	-0.28187483035937
2.8595500000000	-0.28019893470179
2.8595600000000	-0.27844376440374
2.8595700000000	-0.27660951560595
2.8595800000000	-0.27498439624620
2.8595900000000	-0.27328291350423
2.8596000000000	-0.27150524970673
2.8596100000000	-0.26992873557073
2.8596200000000	-0.26827863745980
2.8596300000000	-0.26655512509275
2.8596400000000	-0.26502516813828
2.8596500000000	-0.26342428162467
2.8596600000000	-0.26175262375356
2.8596700000000	-0.26026729047274
2.8596800000000	-0.25871356353478
2.8596900000000	-0.25709159061174
2.8597000000000	-0.25564905422293
2.8597100000000	-0.25414054768218
2.8597200000000	-0.25256620902657
2.8597300000000	-0.25116474229303
2.8597400000000	-0.24969962229251
2.8597500000000	-0.24817097823780
2.8597600000000	-0.24680894685796
2.8597700000000	-0.24538547793042
2.8597800000000	-0.24390069257916
2.8597900000000	-0.24257654909595
2.8598000000000	-0.24119308776984
2.8598100000000	-0.23975042230426
2.8598200000000	-0.23846270048917
2.8598300000000	-0.23711768938716
2.8598400000000	-0.23571549588769
2.8598500000000	-0.23446280555816
2.8598600000000	-0.23315476794441
2.8598700000000	-0.23179148367359
2.8598800000000	-0.23057250590567
2.8598900000000	-0.22930004064467
2.8599000000000	-0.22797418275771
2.8599100000000	-0.22678766546105
2.8599200000000	-0.22554944235333
2.8599300000000	-0.22425960299897
2.8599400000000	-0.22310435682332
2.8599500000000	-0.22189911228664
2.8599600000000	-0.22064395406777
2.8599700000000	-0.21951884861352
2.8599800000000	-0.21834538168127
2.8599900000000	-0.21712363344487
2.8600000000000	-0.21602759375231
