#Parameters = {n=0.01; f0=2856000000; lambda=0.10496934803922; l=0.0010496934803922; LL=0.14}
#"Frequency / GHz"	"S1,1 (14) [Magnitude in dB]"
#-----------------------------------------------
2.8500000000000	-0.25020826621635
2.8500100000000	-0.25204209409577
2.8500200000000	-0.25381089578021
2.8500300000000	-0.25551445381077
2.8500400000000	-0.25741956661863
2.8500500000000	-0.25925690823429
2.8500600000000	-0.26102624118113
2.8500700000000	-0.26300682048260
2.8500800000000	-0.26491673491212
2.8500900000000	-0.26675572490342
2.8501000000000	-0.26881628301410
2.8501100000000	-0.27080312466731
2.8501200000000	-0.27271596589957
2.8501300000000	-0.27486137878266
2.8501400000000	-0.27692985592495
2.8501500000000	-0.27892108639382
2.8501600000000	-0.28115663048624
2.8501700000000	-0.28331184147452
2.8501800000000	-0.28538637858960
2.8501900000000	-0.28771777210475
2.8502000000000	-0.28996524608505
2.8502100000000	-0.29212842672329
2.8502200000000	-0.29456187606361
2.8502300000000	-0.29690761876333
2.8502400000000	-0.29916524440316
2.8502500000000	-0.30170749641440
2.8502600000000	-0.30415804177527
2.8502700000000	-0.30651642946040
2.8502800000000	-0.30917483038283
2.8502900000000	-0.31173729889511
2.8503000000000	-0.31420333889981
2.8503100000000	-0.31698590100979
2.8503200000000	-0.31966806575681
2.8503300000000	-0.32224928697530
2.8503400000000	-0.32516476408133
2.8503500000000	-0.32797512567507
2.8503600000000	-0.33067976993186
2.8503700000000	-0.33373774308162
2.8503800000000	-0.33668561487134
2.8503900000000	-0.33952272155728
2.8504000000000	-0.34273369655781
2.8504100000000	-0.34582930174181
2.8504200000000	-0.34880880443533
2.8504300000000	-0.35218432306038
2.8504400000000	-0.35543890561411
2.8504500000000	-0.35857174264081
2.8504600000000	-0.36212450974286
2.8504700000000	-0.36555046143527
2.8504800000000	-0.36884870268328
2.8504900000000	-0.37259273183031
2.8505000000000	-0.37620373800454
2.8505100000000	-0.37968073074169
2.8505200000000	-0.38363151147992
2.8505300000000	-0.38744271879164
2.8505400000000	-0.39111325575399
2.8505500000000	-0.39528794618824
2.8505600000000	-0.39931615609142
2.8505700000000	-0.40319666974026
2.8505800000000	-0.40761431882167
2.8505900000000	-0.41187821132854
2.8506000000000	-0.41598699893813
2.8506100000000	-0.42066880371093
2.8506200000000	-0.42518919684646
2.8506300000000	-0.42954668201319
2.8506400000000	-0.43451628609574
2.8506500000000	-0.43931643754207
2.8506600000000	-0.44394547483035
2.8506700000000	-0.44922931567855
2.8506800000000	-0.45433527443053
2.8506900000000	-0.45926150525585
2.8507000000000	-0.46488921927932
2.8507100000000	-0.47033023673282
2.8507200000000	-0.47558250626467
2.8507300000000	-0.48158740274758
2.8507400000000	-0.48739641462376
2.8507500000000	-0.49300726156227
2.8507600000000	-0.49942687863237
2.8507700000000	-0.50564107154402
2.8507800000000	-0.51164730516583
2.8507900000000	-0.51852406386986
2.8508000000000	-0.52518554331657
2.8508100000000	-0.53162892531925
2.8508200000000	-0.53901090132312
2.8508300000000	-0.54616748155525
2.8508400000000	-0.55309553408296
2.8508500000000	-0.56103737076458
2.8508600000000	-0.56874351145425
2.8508700000000	-0.57621047747122
2.8508800000000	-0.58477446942950
2.8508900000000	-0.59309238966719
2.8509000000000	-0.60116037773703
2.8509100000000	-0.61041776018768
2.8509200000000	-0.61941876718036
2.8509300000000	-0.62815912001099
2.8509400000000	-0.63819160754023
2.8509500000000	-0.64795768589599
2.8509600000000	-0.65745262105832
2.8509700000000	-0.66835424902148
2.8509800000000	-0.67897996697984
2.8509900000000	-0.68932454938453
2.8510000000000	-0.70120388336505
2.8510100000000	-0.71279868529501
2.8510200000000	-0.72410320483271
2.8510300000000	-0.73708599846363
2.8510400000000	-0.74977696885029
2.8510500000000	-0.76216981362285
2.8510600000000	-0.77640221330574
2.8510700000000	-0.79033741698395
2.8510800000000	-0.80396855344698
2.8510900000000	-0.81962097071134
2.8511000000000	-0.83497349788066
2.8511100000000	-0.85001869466588
2.8511200000000	-0.86729049371219
2.8511300000000	-0.88426336696574
2.8511400000000	-0.90092932993693
2.8511500000000	-0.92005450993898
2.8511600000000	-0.93888664482847
2.8511700000000	-0.95741726757410
2.8511800000000	-0.97867135682987
2.8511900000000	-0.99964480757157
2.8512000000000	-1.0203287844013
2.8512100000000	-1.0440372064446
2.8512200000000	-1.0674859741420
2.8512300000000	-1.0906660713719
2.8512400000000	-1.1172142904377
2.8512500000000	-1.1435350211936
2.8512600000000	-1.1696193554051
2.8512700000000	-1.1994651576117
2.8512800000000	-1.2291301090418
2.8512900000000	-1.2586058343646
2.8513000000000	-1.2922941460850
2.8513100000000	-1.3258668465395
2.8513200000000	-1.3593166994481
2.8513300000000	-1.3974973757362
2.8513400000000	-1.4356514297899
2.8513500000000	-1.4737736066288
2.8513600000000	-1.5172226239452
2.8513700000000	-1.5607641118474
2.8513800000000	-1.6043959401898
2.8513900000000	-1.6540403730902
2.8514000000000	-1.7039342218468
2.8514100000000	-1.7540799996728
2.8514200000000	-1.8110270127917
2.8514300000000	-1.8684275405405
2.8514400000000	-1.9262907108223
2.8514500000000	-1.9918605026423
2.8514600000000	-2.0581459990400
2.8514700000000	-2.1251654404537
2.8514800000000	-2.2009275694562
2.8514900000000	-2.2777382050162
2.8515000000000	-2.3556277819967
2.8515100000000	-2.4434395192505
2.8515200000000	-2.5327170083894
2.8515300000000	-2.6235065713559
2.8515400000000	-2.7255508080526
2.8515500000000	-2.8295770470352
2.8515600000000	-2.9356517846909
2.8515700000000	-3.0544705923701
2.8515800000000	-3.1759009964836
2.8515900000000	-3.3000344926961
2.8516000000000	-3.4385528275089
2.8516100000000	-3.5804384891984
2.8516200000000	-3.7258132673240
2.8516300000000	-3.8873458476045
2.8516400000000	-4.0531373024201
2.8516500000000	-4.2233454735438
2.8516600000000	-4.4115790095023
2.8516700000000	-4.6051038039783
2.8516800000000	-4.8041201269839
2.8516900000000	-5.0230631778788
2.8517000000000	-5.2484697548296
2.8517100000000	-5.4805898938843
2.8517200000000	-5.7344830756615
2.8517300000000	-5.9961435715173
2.8517400000000	-6.2658797103620
2.8517500000000	-6.5590565983579
2.8517600000000	-6.8614164797274
2.8517700000000	-7.1733345531060
2.8517800000000	-7.5100096703918
2.8517900000000	-7.8573512620917
2.8518000000000	-8.2158040386810
2.8518100000000	-8.5997192351351
2.8518200000000	-8.9957442140528
2.8518300000000	-9.4043706239845
2.8518400000000	-9.8381148960688
2.8518500000000	-10.285097340205
2.8518600000000	-10.745757257489
2.8518700000000	-11.229311302495
2.8518800000000	-11.726235155239
2.8518900000000	-12.236619680933
2.8519000000000	-12.764153406277
2.8519100000000	-13.302618592001
2.8519200000000	-13.851041221802
2.8519300000000	-14.404267272296
2.8519400000000	-14.960301418324
2.8519500000000	-15.515806189010
2.8519600000000	-16.052741188968
2.8519700000000	-16.574603026167
2.8519800000000	-17.074786619679
2.8519900000000	-17.520975829346
2.8520000000000	-17.925890051637
2.8520100000000	-18.282856573684
2.8520200000000	-18.553459669885
2.8520300000000	-18.766202897559
2.8520400000000	-18.921731879684
2.8520500000000	-18.989414113075
2.8520600000000	-19.011227789614
2.8520700000000	-18.994724276656
2.8520800000000	-18.919567250497
2.8520900000000	-18.826432696869
2.8521000000000	-18.722218858029
2.8521100000000	-18.591767308945
2.8521200000000	-18.465227526095
2.8521300000000	-18.346005012708
2.8521400000000	-18.221677779845
2.8521500000000	-18.112366060715
2.8521600000000	-18.019141186493
2.8521700000000	-17.931691630154
2.8521800000000	-17.863608045598
2.8521900000000	-17.815041448597
2.8522000000000	-17.777078801124
2.8522100000000	-17.759893987693
2.8522200000000	-17.763494894547
2.8522300000000	-17.779335615013
2.8522400000000	-17.816454467921
2.8522500000000	-17.875050131642
2.8522600000000	-17.945718831134
2.8522700000000	-18.038082685379
2.8522800000000	-18.152638030979
2.8522900000000	-18.277714475463
2.8523000000000	-18.424942424710
2.8523100000000	-18.595067905192
2.8523200000000	-18.772433193339
2.8523300000000	-18.971942245136
2.8523400000000	-19.194313640037
2.8523500000000	-19.417636203374
2.8523600000000	-19.661147917775
2.8523700000000	-19.924784268712
2.8523800000000	-20.177349428579
2.8523900000000	-20.442993690187
2.8524000000000	-20.719293596647
2.8524100000000	-20.962444330759
2.8524200000000	-21.201412829600
2.8524300000000	-21.429563735138
2.8524400000000	-21.590351687780
2.8524500000000	-21.718201447899
2.8524600000000	-21.804060256152
2.8524700000000	-21.789576259325
2.8524800000000	-21.717959948300
2.8524900000000	-21.586140082287
2.8525000000000	-21.353068047069
2.8525100000000	-21.067819677020
2.8525200000000	-20.735929450937
2.8525300000000	-20.337982250176
2.8525400000000	-19.914009125670
2.8525500000000	-19.470495157424
2.8525600000000	-19.000582518315
2.8525700000000	-18.526877599645
2.8525800000000	-18.052733516086
2.8525900000000	-17.577743728429
2.8526000000000	-17.109909927521
2.8526100000000	-16.650188630830
2.8526200000000	-16.202338532897
2.8526300000000	-15.765136799289
2.8526400000000	-15.338477615358
2.8526500000000	-14.929049527413
2.8526600000000	-14.530370159304
2.8526700000000	-14.142007993038
2.8526800000000	-13.772620888764
2.8526900000000	-13.412859215127
2.8527000000000	-13.062263343550
2.8527100000000	-12.730710903265
2.8527200000000	-12.407369133486
2.8527300000000	-12.091845664229
2.8527400000000	-11.794686734190
2.8527500000000	-11.504384140037
2.8527600000000	-11.220630067783
2.8527700000000	-10.954250368065
2.8527800000000	-10.693542832165
2.8527900000000	-10.438275562311
2.8528000000000	-10.199286250696
2.8528100000000	-9.9649709181075
2.8528200000000	-9.7351587774768
2.8528300000000	-9.5205186143486
2.8528400000000	-9.3097232788196
2.8528500000000	-9.1026489037208
2.8528600000000	-8.9096761856575
2.8528700000000	-8.7198626561471
2.8528800000000	-8.5331196607153
2.8528900000000	-8.3594640824370
2.8529000000000	-8.1884004899904
2.8529100000000	-8.0198663539559
2.8529200000000	-7.8634697660543
2.8529300000000	-7.7091946475709
2.8529400000000	-7.5569977363143
2.8529500000000	-7.4160551613866
2.8529600000000	-7.2768422991554
2.8529700000000	-7.1393300475133
2.8529800000000	-7.0122548636342
2.8529900000000	-6.8865819422717
2.8530000000000	-6.7622925590589
2.8530100000000	-6.6476866974125
2.8530200000000	-6.5342083953029
2.8530300000000	-6.4218465084712
2.8530400000000	-6.3184753469320
2.8530500000000	-6.2160005489882
2.8530600000000	-6.1144164788381
2.8530700000000	-6.0211877555144
2.8530800000000	-5.9286602931505
2.8530900000000	-5.8368324265689
2.8531000000000	-5.7527784660896
2.8531100000000	-5.6692607731719
2.8531200000000	-5.5862805081805
2.8531300000000	-5.5105431395640
2.8531400000000	-5.4352022900434
2.8531500000000	-5.3602610901320
2.8531600000000	-5.2920787492465
2.8531700000000	-5.2241744408159
2.8531800000000	-5.1565526246796
2.8531900000000	-5.0952492413386
2.8532000000000	-5.0341233811622
2.8532100000000	-4.9731803521962
2.8532200000000	-4.9181557110956
2.8532300000000	-4.8632233355303
2.8532400000000	-4.8083890200947
2.8532500000000	-4.7591103542604
2.8532600000000	-4.7098516734753
2.8532700000000	-4.6606189870973
2.8532800000000	-4.6166136153219
2.8532900000000	-4.5725670184601
2.8533000000000	-4.5284852167930
2.8533100000000	-4.4893342051324
2.8533200000000	-4.4500902234349
2.8533300000000	-4.4107591506559
2.8533400000000	-4.3760912282814
2.8533500000000	-4.3412867041162
2.8533600000000	-4.3063512029640
2.8533700000000	-4.2758381372143
2.8533800000000	-4.2451518059659
2.8533900000000	-4.2142974971718
2.8534000000000	-4.1876495364331
2.8534100000000	-4.1607976462754
2.8534200000000	-4.1337467182243
2.8534300000000	-4.1107086899664
2.8534400000000	-4.0874412486323
2.8534500000000	-4.0639488475192
2.8534600000000	-4.0442967190281
2.8534700000000	-4.0243941808442
2.8534800000000	-4.0042452199108
2.8534900000000	-3.9877830692500
2.8535000000000	-3.9710534137908
2.8535100000000	-3.9540597565005
2.8535200000000	-3.9406171076285
2.8535300000000	-3.9268932669969
2.8535400000000	-3.9128912440451
2.8535500000000	-3.9023207254693
2.8535600000000	-3.8914583220898
2.8535700000000	-3.8803065464473
2.8535800000000	-3.8724818374170
2.8535900000000	-3.8643571984034
2.8536000000000	-3.8559346464008
2.8536100000000	-3.8507486786758
2.8536200000000	-3.8452570965051
2.8536300000000	-3.8394614262922
2.8536400000000	-3.8368248130443
2.8536500000000	-3.8338790255181
2.8536600000000	-3.8306251072295
2.8536700000000	-3.8304647737305
2.8536800000000	-3.8299936390655
2.8536900000000	-3.8292122736562
2.8537000000000	-3.8314702671424
2.8537100000000	-3.8334176125676
2.8537200000000	-3.8350544186597
2.8537300000000	-3.8396868771548
2.8537400000000	-3.8440105016432
2.8537500000000	-3.8480249518073
2.8537600000000	-3.8550012138006
2.8537700000000	-3.8616720275327
2.8537800000000	-3.8680366172822
2.8537900000000	-3.8773384560012
2.8538000000000	-3.8863397408906
2.8538100000000	-3.8950392752876
2.8538200000000	-3.9066602429053
2.8538300000000	-3.9179870200226
2.8538400000000	-3.9290180042127
2.8538500000000	-3.9429628727151
2.8538600000000	-3.9566213637473
2.8538700000000	-3.9699914849585
2.8538800000000	-3.9862757715878
2.8538900000000	-4.0022829425975
2.8539000000000	-4.0180106321998
2.8539100000000	-4.0366601984033
2.8539200000000	-4.0550433750947
2.8539300000000	-4.0731574402010
2.8539400000000	-4.0942081538823
2.8539500000000	-4.1150046984015
2.8539600000000	-4.1355440132707
2.8539700000000	-4.1590414648526
2.8539800000000	-4.1822985048328
2.8539900000000	-4.2053117529645
2.8540000000000	-4.2313110164224
2.8540100000000	-4.2570852175807
2.8540200000000	-4.2826306759562
2.8540300000000	-4.3111961064799
2.8540400000000	-4.3395534805565
2.8540500000000	-4.3676988379626
2.8540600000000	-4.3989038984246
2.8540700000000	-4.4299196387507
2.8540800000000	-4.4607418405686
2.8540900000000	-4.4946689493644
2.8541000000000	-4.5284272867433
2.8541100000000	-4.5620123989975
2.8541200000000	-4.5987527923269
2.8541300000000	-4.6353468643654
2.8541400000000	-4.6717899502706
2.8541500000000	-4.7114435523434
2.8541600000000	-4.7509752798637
2.8541700000000	-4.7903802826153
2.8541800000000	-4.8330555778276
2.8541900000000	-4.8756355425044
2.8542000000000	-4.9181151685790
2.8542100000000	-4.9639290703407
2.8542200000000	-5.0096763883923
2.8542300000000	-5.0553519863707
2.8542400000000	-5.1044296979856
2.8542500000000	-5.1534718855363
2.8542600000000	-5.2024733162442
2.8542700000000	-5.2549481802397
2.8542800000000	-5.3074210069599
2.8542900000000	-5.3598865017794
2.8543000000000	-5.4158998351562
2.8543100000000	-5.4719471639576
2.8543200000000	-5.5280231694249
2.8543300000000	-5.5877240837003
2.8543400000000	-5.6474976956985
2.8543500000000	-5.7073387039483
2.8543600000000	-5.7708839104595
2.8543700000000	-5.8345433161412
2.8543800000000	-5.8983116825997
2.8543900000000	-5.9658652854503
2.8544000000000	-6.0335775248676
2.8544100000000	-6.1014432765445
2.8544200000000	-6.1731765576906
2.8544300000000	-6.2451159948405
2.8544400000000	-6.3172566349932
2.8544500000000	-6.3933478384151
2.8544600000000	-6.4696959573617
2.8544700000000	-6.5462962747623
2.8544800000000	-6.6269303993272
2.8544900000000	-6.7078756124065
2.8545000000000	-6.7891275063613
2.8545100000000	-6.8744961197561
2.8545200000000	-6.9602336010906
2.8545300000000	-7.0463359362319
2.8545400000000	-7.1366370254363
2.8545500000000	-7.2273685860460
2.8545600000000	-7.3185270940656
2.8545700000000	-7.4139649707862
2.8545800000000	-7.5098989946414
2.8545900000000	-7.6063262433009
2.8546000000000	-7.7071115259043
2.8546100000000	-7.8084629893634
2.8546200000000	-7.9103784421444
2.8546300000000	-8.0167281385612
2.8546400000000	-8.1237187386953
2.8546500000000	-8.2313489316114
2.8546600000000	-8.3434866505741
2.8546700000000	-8.4563450706037
2.8546800000000	-8.5699239354218
2.8546900000000	-8.6880802559810
2.8547000000000	-8.8070425989054
2.8547100000000	-8.9268119649235
2.8547200000000	-9.0512253154978
2.8547300000000	-9.1765360648696
2.8547400000000	-9.3027467061129
2.8547500000000	-9.4336632144119
2.8547600000000	-9.5655751513054
2.8547700000000	-9.6984867756802
2.8547800000000	-9.8361622331322
2.8547900000000	-9.9749385205765
2.8548000000000	-10.114821980632
2.8548100000000	-10.259522893352
2.8548200000000	-10.405438235884
2.8548300000000	-10.552576803941
2.8548400000000	-10.704582086594
2.8548500000000	-10.857924555766
2.8548600000000	-11.012615889342
2.8548700000000	-11.172218948140
2.8548800000000	-11.333292215943
2.8548900000000	-11.495850751362
2.8549000000000	-11.663362005896
2.8549100000000	-11.832488038812
2.8549200000000	-12.003247868978
2.8549300000000	-12.178997768643
2.8549400000000	-12.356520041710
2.8549500000000	-12.535838341619
2.8549600000000	-12.720180940660
2.8549700000000	-12.906468240441
2.8549800000000	-13.094729314857
2.8549900000000	-13.288046481126
2.8550000000000	-13.483497379090
2.8550100000000	-13.681117420768
2.8550200000000	-13.883823768583
2.8550300000000	-14.088871863176
2.8550400000000	-14.296304529156
2.8550500000000	-14.508853186329
2.8550600000000	-14.723973234344
2.8550700000000	-14.941716172379
2.8550800000000	-15.164605517513
2.8550900000000	-15.390320603922
2.8551000000000	-15.618923092890
2.8551100000000	-15.852704632141
2.8551200000000	-16.089594564230
2.8551300000000	-16.329666473079
2.8551400000000	-16.574954067222
2.8551500000000	-16.823665224503
2.8551600000000	-17.075887544203
2.8551700000000	-17.333368248016
2.8551800000000	-17.594625175514
2.8551900000000	-17.859762440091
2.8552000000000	-18.130209277056
2.8552100000000	-18.404828375266
2.8552200000000	-18.683743359066
2.8552300000000	-18.968030423216
2.8552400000000	-19.256936161390
2.8552500000000	-19.550607317975
2.8552600000000	-19.849727664300
2.8552700000000	-20.153971815056
2.8552800000000	-20.463513994943
2.8552900000000	-20.778600833468
2.8553000000000	-21.099385273387
2.8553100000000	-21.426074295947
2.8553200000000	-21.758426000450
2.8553300000000	-22.097129592013
2.8553400000000	-22.442431183386
2.8553500000000	-22.793540475295
2.8553600000000	-23.151750324639
2.8553700000000	-23.517353623522
2.8553800000000	-23.888940798727
2.8553900000000	-24.268487522910
2.8554000000000	-24.656342481051
2.8554100000000	-25.050391289868
2.8554200000000	-25.453386283288
2.8554300000000	-25.865742149422
2.8554400000000	-26.284533996833
2.8554500000000	-26.713402871998
2.8554600000000	-27.152840013719
2.8554700000000	-27.598975490829
2.8554800000000	-28.056473250105
2.8554900000000	-28.525909411786
2.8555000000000	-29.002291279994
2.8555100000000	-29.491465455521
2.8555200000000	-29.994092461792
2.8555300000000	-30.503810928388
2.8555400000000	-31.027835608906
2.8555500000000	-31.566886092383
2.8555600000000	-32.112872791838
2.8555700000000	-32.674579536502
2.8555800000000	-33.252697090928
2.8555900000000	-33.836849652719
2.8556000000000	-34.437568724936
2.8556100000000	-35.055281556943
2.8556200000000	-35.676414570569
2.8556300000000	-36.313307141316
2.8556400000000	-36.965574611660
2.8556500000000	-37.614937985690
2.8556600000000	-38.275319517221
2.8556700000000	-38.944441487898
2.8556800000000	-39.597069651123
2.8556900000000	-40.248203994711
2.8557000000000	-40.892291177368
2.8557100000000	-41.495147069018
2.8557200000000	-42.073393840379
2.8557300000000	-42.618851673541
2.8557400000000	-43.090804032580
2.8557500000000	-43.512549471992
2.8557600000000	-43.879718793230
2.8557700000000	-44.154753345864
2.8557800000000	-44.374556669442
2.8557900000000	-44.544550810888
2.8558000000000	-44.635610599329
2.8558100000000	-44.694169185561
2.8558200000000	-44.730237587888
2.8558300000000	-44.716849224268
2.8558400000000	-44.699817275956
2.8558500000000	-44.686853709907
2.8558600000000	-44.647659233939
2.8558700000000	-44.624230900492
2.8558800000000	-44.620993470280
2.8558900000000	-44.603391208555
2.8559000000000	-44.611541391753
2.8559100000000	-44.648011603889
2.8559200000000	-44.674187554617
2.8559300000000	-44.730928009443
2.8559400000000	-44.820170981366
2.8559500000000	-44.899043748028
2.8559600000000	-45.011215817249
2.8559700000000	-45.158694993872
2.8559800000000	-45.293685749819
2.8559900000000	-45.464297214102
2.8560000000000	-45.673009722450
2.8560100000000	-45.866060941275
2.8560200000000	-46.097490401901
2.8560300000000	-46.370545700630
2.8560400000000	-46.623899099214
2.8560500000000	-46.919162414598
2.8560600000000	-47.260579248366
2.8560700000000	-47.576387714188
2.8560800000000	-47.937808618939
2.8560900000000	-48.349930349300
2.8561000000000	-48.724350142850
2.8561100000000	-49.144281050387
2.8561200000000	-49.613561926167
2.8561300000000	-50.012494922088
2.8561400000000	-50.437844874131
2.8561500000000	-50.883868521872
2.8561600000000	-51.171335627440
2.8561700000000	-51.414929590208
2.8561800000000	-51.592103615924
2.8561900000000	-51.501412357054
2.8562000000000	-51.288631737130
2.8562100000000	-50.848067959064
2.8562200000000	-50.168481546979
2.8562300000000	-49.430668657614
2.8562400000000	-48.662225226067
2.8562500000000	-47.716348675808
2.8562600000000	-46.804497294999
2.8562700000000	-45.931504173229
2.8562800000000	-44.968232683932
2.8562900000000	-44.066641519000
2.8563000000000	-43.220223289613
2.8563100000000	-42.319098372585
2.8563200000000	-41.478122342883
2.8563300000000	-40.689415889591
2.8563400000000	-39.861077712225
2.8563500000000	-39.085083514003
2.8563600000000	-38.354682531194
2.8563700000000	-37.592567272409
2.8563800000000	-36.875086631081
2.8563900000000	-36.196823540158
2.8564000000000	-35.492025859018
2.8564100000000	-34.825430171083
2.8564200000000	-34.192711946459
2.8564300000000	-33.537373856868
2.8564400000000	-32.915036507678
2.8564500000000	-32.322212179221
2.8564600000000	-31.709954698502
2.8564700000000	-31.126476729879
2.8564800000000	-30.568929226123
2.8564900000000	-29.994635312318
2.8565000000000	-29.445649959014
2.8565100000000	-28.919618427233
2.8565200000000	-28.379146099448
2.8565300000000	-27.861087228985
2.8565400000000	-27.363476417140
2.8565500000000	-26.853425075481
2.8565600000000	-26.363340851669
2.8565700000000	-25.891570123386
2.8565800000000	-25.409109403377
2.8565900000000	-24.944525513057
2.8566000000000	-24.496418099637
2.8566100000000	-24.039165435497
2.8566200000000	-23.597986614660
2.8566300000000	-23.171689534196
2.8566400000000	-22.737621924952
2.8566500000000	-22.318060423762
2.8566600000000	-21.911985922483
2.8566700000000	-21.499375012605
2.8566800000000	-21.099897492941
2.8566900000000	-20.712679226564
2.8567000000000	-20.320042256827
2.8567100000000	-19.939329283719
2.8567200000000	-19.569788583331
2.8567300000000	-19.195850259342
2.8567400000000	-18.832764478415
2.8567500000000	-18.479883574051
2.8567600000000	-18.123545556643
2.8567700000000	-17.777105939789
2.8567800000000	-17.440006037659
2.8567900000000	-17.100321829189
2.8568000000000	-16.769682208932
2.8568100000000	-16.447604983787
2.8568200000000	-16.123758677226
2.8568300000000	-15.808189336549
2.8568400000000	-15.500480838580
2.8568500000000	-15.191768652438
2.8568600000000	-14.890640101550
2.8568700000000	-14.596736371314
2.8568800000000	-14.302550205829
2.8568900000000	-14.015318529520
2.8569000000000	-13.734732422615
2.8569100000000	-13.454544897335
2.8569200000000	-13.180738243346
2.8569300000000	-12.913047122856
2.8569400000000	-12.646397727333
2.8569500000000	-12.385603650830
2.8569600000000	-12.130437730963
2.8569700000000	-11.876919859008
2.8569800000000	-11.628773359210
2.8569900000000	-11.385804589896
2.8570000000000	-11.145053343796
2.8570100000000	-10.909225530742
2.8570200000000	-10.678157003906
2.8570300000000	-10.449837753595
2.8570400000000	-10.226025170525
2.8570500000000	-10.006581107362
2.8570600000000	-9.7903788695036
2.8570700000000	-9.5782935666512
2.8570800000000	-9.3702100066588
2.8570900000000	-9.1658197692968
2.8571000000000	-8.9651802759800
2.8571100000000	-8.7681966317245
2.8571200000000	-8.5753147870121
2.8571300000000	-8.3858381572563
2.8571400000000	-8.1996898189385
2.8571500000000	-8.0180068776577
2.8571600000000	-7.8394019872068
2.8571700000000	-7.6638141561172
2.8571800000000	-7.4930089018496
2.8571900000000	-7.3249711515675
2.8572000000000	-7.1596540521989
2.8572100000000	-6.9993892519174
2.8572200000000	-6.8415967855840
2.8572300000000	-6.6862423543559
2.8572400000000	-6.5361620806679
2.8572500000000	-6.3882735605462
2.8572600000000	-6.2425536416831
2.8572700000000	-6.1022821870485
2.8572800000000	-5.9639360946789
2.8572900000000	-5.8275020975438
2.8573000000000	-5.6966443821607
2.8573100000000	-5.5674597350004
2.8573200000000	-5.4399436326747
2.8573300000000	-5.3180869344697
2.8573400000000	-5.1976652394287
2.8573500000000	-5.0786817227064
2.8573600000000	-4.9653984984081
2.8573700000000	-4.8533267093312
2.8573800000000	-4.7424762615744
2.8573900000000	-4.6373277887132
2.8574000000000	-4.5331820012479
2.8574100000000	-4.4300546316354
2.8574200000000	-4.3325951847041
2.8574300000000	-4.2359447908358
2.8574400000000	-4.1401241572959
2.8574500000000	-4.0499054373903
2.8574600000000	-3.9603174722793
2.8574700000000	-3.8713851397222
2.8574800000000	-3.7879607023632
2.8574900000000	-3.7050041439704
2.8575000000000	-3.6225437536215
2.8575100000000	-3.5454732192436
2.8575200000000	-3.4687230420537
2.8575300000000	-3.3923242091246
2.8575400000000	-3.3211770888385
2.8575500000000	-3.2502179203100
2.8575600000000	-3.1794797236778
2.8575700000000	-3.1138387439177
2.8575800000000	-3.0482680213601
2.8575900000000	-2.9828019961374
2.8576000000000	-2.9222658545703
2.8576100000000	-2.8616964260754
2.8576200000000	-2.8011290131151
2.8576300000000	-2.7453145411947
2.8576400000000	-2.6893766942001
2.8576500000000	-2.6333511376061
2.8576600000000	-2.5818948804858
2.8576700000000	-2.5302378137168
2.8576800000000	-2.4784155266350
2.8576900000000	-2.4309747776155
2.8577000000000	-2.3832675557804
2.8577100000000	-2.3353289959156
2.8577200000000	-2.2915823406719
2.8577300000000	-2.2475143871927
2.8577400000000	-2.2031594971115
2.8577500000000	-2.1628069333732
2.8577600000000	-2.1220881249614
2.8577700000000	-2.0810363993926
2.8577800000000	-2.0437991019058
2.8577900000000	-2.0061595319544
2.8578000000000	-1.9681497762624
2.8578100000000	-1.9337695761684
2.8578200000000	-1.8989590524507
2.8578300000000	-1.8637488944088
2.8578400000000	-1.8319875380777
2.8578500000000	-1.7997748759579
2.8578600000000	-1.7671400884626
2.8578700000000	-1.7377783345132
2.8578800000000	-1.7079505005797
2.8578900000000	-1.6776841866719
2.8579000000000	-1.6505207923973
2.8579100000000	-1.6228819462305
2.8579200000000	-1.5947936308529
2.8579300000000	-1.5696442714537
2.8579400000000	-1.5440147457983
2.8579500000000	-1.5179294116136
2.8579600000000	-1.4946255679051
2.8579700000000	-1.4708408202279
2.8579800000000	-1.4465979180129
2.8579900000000	-1.4249857611311
2.8580000000000	-1.4028953229469
2.8580100000000	-1.3803477808330
2.8580200000000	-1.3602869875755
2.8580300000000	-1.3397533466021
2.8580400000000	-1.3187665147686
2.8580500000000	-1.3001294815473
2.8580600000000	-1.2810273471865
2.8580700000000	-1.2614783112272
2.8580800000000	-1.2441488564070
2.8580900000000	-1.2263639304309
2.8581000000000	-1.2081403469746
2.8581100000000	-1.1920128521538
2.8581200000000	-1.1754410208485
2.8581300000000	-1.1584403578129
2.8581400000000	-1.1434188707662
2.8581500000000	-1.1279653580757
2.8581600000000	-1.1120940956841
2.8581700000000	-1.0980914961859
2.8581800000000	-1.0836700754253
2.8581900000000	-1.0688429619019
2.8582000000000	-1.0557801910464
2.8582100000000	-1.0423124558012
2.8582200000000	-1.0284518183215
2.8582300000000	-1.0162571705565
2.8582400000000	-1.0036718641005
2.8582500000000	-0.99070697442283
2.8582600000000	-0.97931545055147
2.8582700000000	-0.96754785226330
2.8582800000000	-0.95541434567217
2.8582900000000	-0.94476706440855
2.8583000000000	-0.93375843102751
2.8583100000000	-0.92239777666594
2.8583200000000	-0.91244144195690
2.8583300000000	-0.90213850119905
2.8583400000000	-0.89149752158064
2.8583500000000	-0.88218394269703
2.8583600000000	-0.87253843657425
2.8583700000000	-0.86256887389472
2.8583800000000	-0.85385453529408
2.8583900000000	-0.84482281045703
2.8584000000000	-0.83548093735044
2.8584100000000	-0.82732661540580
2.8584200000000	-0.81886925795445
2.8584300000000	-0.81011553043993
2.8584400000000	-0.80248595433480
2.8584500000000	-0.79456746673190
2.8584600000000	-0.78636621730705
2.8584700000000	-0.77922977169886
2.8584800000000	-0.77181828972081
2.8584900000000	-0.76413745884470
2.8585000000000	-0.75746592625505
2.8585100000000	-0.75053297425729
2.8585200000000	-0.74334387882457
2.8585300000000	-0.73711222015302
2.8585400000000	-0.73063250338135
2.8585500000000	-0.72390964122657
2.8585600000000	-0.71809581327934
2.8585700000000	-0.71204704643727
2.8585800000000	-0.70576793641117
2.8585900000000	-0.70035274592558
2.8586000000000	-0.69471551781594
2.8586100000000	-0.68886057559303
2.8586200000000	-0.68382756989580
2.8586300000000	-0.67858524463719
2.8586400000000	-0.67313769511160
2.8586500000000	-0.66847309034765
2.8586600000000	-0.66361174647867
2.8586700000000	-0.65855757447353
2.8586800000000	-0.65425022326808
2.8586900000000	-0.64975863304222
2.8587000000000	-0.64508657508791
2.8587100000000	-0.64112797663084
2.8587200000000	-0.63699762899427
2.8587300000000	-0.63269921020832
2.8587400000000	-0.62908356713847
2.8587500000000	-0.62530873936974
2.8587600000000	-0.62137836106231
2.8587700000000	-0.61810268924845
2.8587800000000	-0.61468057408952
2.8587900000000	-0.61111565972818
2.8588000000000	-0.60817995922561
2.8588100000000	-0.60511085670952
2.8588200000000	-0.60191206645219
2.8588300000000	-0.59931956470455
2.8588400000000	-0.59660715092166
2.8588500000000	-0.59377867825609
2.8588600000000	-0.59153616023570
2.8588700000000	-0.58918784925762
2.8588800000000	-0.58673781765069
2.8588900000000	-0.58485606237611
2.8589000000000	-0.58288348277885
2.8589100000000	-0.58082446599738
2.8589200000000	-0.57931881515940
2.8589300000000	-0.57773842954002
2.8589400000000	-0.57608812700450
2.8589500000000	-0.57497921984757
2.8589600000000	-0.57381312505950
2.8589700000000	-0.57259523395824
2.8589800000000	-0.57190995393062
2.8589900000000	-0.57118691241426
2.8590000000000	-0.57043225240351
2.8590100000000	-0.57020494658778
2.8590200000000	-0.56996171647150
2.8590300000000	-0.56970968213892
2.8590400000000	-0.56998373580014
2.8590500000000	-0.57026679133425
2.8590600000000	-0.57056723440769
2.8590700000000	-0.57139711261024
2.8590800000000	-0.57226487977749
2.8590900000000	-0.57318056053105
2.8591000000000	-0.57463447028782
2.8591100000000	-0.57616024923617
2.8591200000000	-0.57777004941856
2.8591300000000	-0.57993343455992
2.8591400000000	-0.58220924692833
2.8591500000000	-0.58461241182224
2.8591600000000	-0.58759257659955
2.8591700000000	-0.59073427092885
2.8591800000000	-0.59405605630725
2.8591900000000	-0.59798833445702
2.8592000000000	-0.60214242026113
2.8592100000000	-0.60654167668361
2.8592200000000	-0.61159773787795
2.8592300000000	-0.61695061889245
2.8592400000000	-0.62263007439708
2.8592500000000	-0.62902921601021
2.8592600000000	-0.63581978588716
2.8592700000000	-0.64304012352544
2.8592800000000	-0.65106477132240
2.8592900000000	-0.65960176511863
2.8593000000000	-0.66870108483381
2.8593100000000	-0.67871827769221
2.8593200000000	-0.68940440338624
2.8593300000000	-0.70082537994413
2.8593400000000	-0.71331681784279
2.8593500000000	-0.72668260819966
2.8593600000000	-0.74101069973983
2.8593700000000	-0.75661508322850
2.8593800000000	-0.77336670329689
2.8593900000000	-0.79138421875429
2.8594000000000	-0.81095717285125
2.8594100000000	-0.83204413678042
2.8594200000000	-0.85480683378438
2.8594300000000	-0.87950560348589
2.8594400000000	-0.90621629071586
2.8594500000000	-0.93516106180963
2.8594600000000	-0.96656272089596
2.8594700000000	-1.0006566668798
2.8594800000000	-1.0377491269774
2.8594900000000	-1.0780097582720
2.8595000000000	-1.1218922263806
2.8595100000000	-1.1698162096778
2.8595200000000	-1.2218665794260
2.8595300000000	-1.2787916781509
2.8595400000000	-1.3411527638461
2.8595500000000	-1.4088810147523
2.8595600000000	-1.4831031619206
2.8595700000000	-1.5645215277496
2.8595800000000	-1.6527559206561
2.8595900000000	-1.7493550675491
2.8596000000000	-1.8550512191822
2.8596100000000	-1.9687880431074
2.8596200000000	-2.0923983177840
2.8596300000000	-2.2262211356571
2.8596400000000	-2.3677254972997
2.8596500000000	-2.5184035949670
2.8596600000000	-2.6771248494543
2.8596700000000	-2.8384524185976
2.8596800000000	-3.0021535147611
2.8596900000000	-3.1639353733466
2.8597000000000	-3.3142512739456
2.8597100000000	-3.4501231285112
2.8597200000000	-3.5641798804732
2.8597300000000	-3.6456958004300
2.8597400000000	-3.6922034715489
2.8597500000000	-3.6992740240884
2.8597600000000	-3.6638802691355
2.8597700000000	-3.5898918430241
2.8597800000000	-3.4812185934491
2.8597900000000	-3.3448569399633
2.8598000000000	-3.1878733022132
2.8598100000000	-3.0171615168632
2.8598200000000	-2.8415794340733
2.8598300000000	-2.6645781166695
2.8598400000000	-2.4902406952089
2.8598500000000	-2.3244562320246
2.8598600000000	-2.1664647102734
2.8598700000000	-2.0174398305770
2.8598800000000	-1.8806717640732
2.8598900000000	-1.7534588248820
2.8599000000000	-1.6356221053289
2.8599100000000	-1.5291292275378
2.8599200000000	-1.4309468998086
2.8599300000000	-1.3405263585430
2.8599400000000	-1.2592564105803
2.8599500000000	-1.1844157472221
2.8599600000000	-1.1154683718239
2.8599700000000	-1.0535348545651
2.8599800000000	-0.99635218631303
2.8599900000000	-0.94349675757572
2.8600000000000	-0.89593550976266
