#Parameters = {n=0.01; f0=2856000000; lambda=0.10496934803922; l=0.0010496934803922; LL=0.18}
#"Frequency / GHz"	"S1,1 (18) [Magnitude in dB]"
#-----------------------------------------------
2.8500000000000	-0.23648258299769
2.8500100000000	-0.23806969814956
2.8500200000000	-0.23959592707982
2.8500300000000	-0.24106118077730
2.8500400000000	-0.24270306067271
2.8500500000000	-0.24428155139559
2.8500600000000	-0.24579655471138
2.8500700000000	-0.24749601471797
2.8500800000000	-0.24912944821823
2.8500900000000	-0.25069674671340
2.8501000000000	-0.25245679654875
2.8501100000000	-0.25414803954793
2.8501200000000	-0.25577035578019
2.8501300000000	-0.25759421634092
2.8501400000000	-0.25934633751215
2.8501500000000	-0.26102658661998
2.8501600000000	-0.26291770855457
2.8501700000000	-0.26473399643617
2.8501800000000	-0.26647530337533
2.8501900000000	-0.26843738761185
2.8502000000000	-0.27032137042994
2.8502100000000	-0.27212708906760
2.8502200000000	-0.27416410953463
2.8502300000000	-0.27611957716617
2.8502400000000	-0.27799331146411
2.8502500000000	-0.28010954027438
2.8502600000000	-0.28214056862264
2.8502700000000	-0.28408619617539
2.8502800000000	-0.28628623158199
2.8502900000000	-0.28839720966798
2.8503000000000	-0.29041890789781
2.8503100000000	-0.29270770537403
2.8503200000000	-0.29490336549455
2.8503300000000	-0.29700564085167
2.8503400000000	-0.29938854769882
2.8503500000000	-0.30167399905255
2.8503600000000	-0.30386171961861
2.8503700000000	-0.30634451355918
2.8503800000000	-0.30872527979874
2.8503900000000	-0.31100371174982
2.8504000000000	-0.31359264403902
2.8504100000000	-0.31607470527960
2.8504200000000	-0.31844955373780
2.8504300000000	-0.32115139739674
2.8504400000000	-0.32374123728546
2.8504500000000	-0.32621869216419
2.8504600000000	-0.32904079603513
2.8504700000000	-0.33174545458684
2.8504800000000	-0.33433224213337
2.8504900000000	-0.33728259156296
2.8505000000000	-0.34010972456598
2.8505100000000	-0.34281316541229
2.8505200000000	-0.34590045049051
2.8505300000000	-0.34885839642406
2.8505400000000	-0.35168647108841
2.8505500000000	-0.35492016352146
2.8505600000000	-0.35801801906762
2.8505700000000	-0.36097944199945
2.8505800000000	-0.36436988185993
2.8505900000000	-0.36761758726982
2.8506000000000	-0.37072189071100
2.8506100000000	-0.37428038451600
2.8506200000000	-0.37768882029874
2.8506300000000	-0.38094644944557
2.8506400000000	-0.38468538123931
2.8506500000000	-0.38826647787929
2.8506600000000	-0.39168889907513
2.8506700000000	-0.39562185648103
2.8506800000000	-0.39938871918082
2.8506900000000	-0.40298854316839
2.8507000000000	-0.40713046069284
2.8507100000000	-0.41109751147009
2.8507200000000	-0.41488863407750
2.8507300000000	-0.41925595633897
2.8507400000000	-0.42343909621445
2.8507500000000	-0.42743685926432
2.8507600000000	-0.43204772727577
2.8507700000000	-0.43646452175328
2.8507800000000	-0.44068589747488
2.8507900000000	-0.44556036164816
2.8508000000000	-0.45023025325845
2.8508100000000	-0.45469405606985
2.8508200000000	-0.45985432025265
2.8508300000000	-0.46479887259950
2.8508400000000	-0.46952600281620
2.8508500000000	-0.47499670442864
2.8508600000000	-0.48023988296481
2.8508700000000	-0.48525360783178
2.8508800000000	-0.49106214008124
2.8508900000000	-0.49663063580005
2.8509000000000	-0.50195691422791
2.8509100000000	-0.50813379744152
2.8509200000000	-0.51405740078751
2.8509300000000	-0.51972525935790
2.8509400000000	-0.52630456976654
2.8509500000000	-0.53261660342505
2.8509600000000	-0.53865857265081
2.8509700000000	-0.54567843846414
2.8509800000000	-0.55241625928360
2.8509900000000	-0.55886888079621
2.8510000000000	-0.56637205722613
2.8510100000000	-0.57357763945601
2.8510200000000	-0.58048205681873
2.8510300000000	-0.58851659385667
2.8510400000000	-0.59623720814977
2.8510500000000	-0.60363985641074
2.8510600000000	-0.61225987571966
2.8510700000000	-0.62054888107827
2.8510800000000	-0.62850229306571
2.8510900000000	-0.63776889338201
2.8511000000000	-0.64668666245444
2.8511100000000	-0.65525041324263
2.8511200000000	-0.66523272725931
2.8511300000000	-0.67484772920936
2.8511400000000	-0.68408954428156
2.8511500000000	-0.69486597422474
2.8511600000000	-0.70525604393878
2.8511700000000	-0.71525310139496
2.8511800000000	-0.72691276543651
2.8511900000000	-0.73816659312377
2.8512000000000	-0.74900705596828
2.8512100000000	-0.76165148341664
2.8512200000000	-0.77387036487382
2.8512300000000	-0.78565518607741
2.8512400000000	-0.79940030592280
2.8512500000000	-0.81270020087655
2.8512600000000	-0.82554525159638
2.8512700000000	-0.84052372658638
2.8512800000000	-0.85503768071699
2.8512900000000	-0.86907626085912
2.8513000000000	-0.88544022777659
2.8513100000000	-0.90132122316565
2.8513200000000	-0.91670702332925
2.8513300000000	-0.93463130940953
2.8513400000000	-0.95205561814820
2.8513500000000	-0.96896621277897
2.8513600000000	-0.98865210799142
2.8513700000000	-1.0078232342111
2.8513800000000	-1.0264641971006
2.8513900000000	-1.0481438716864
2.8514000000000	-1.0692971776464
2.8514100000000	-1.0899069220919
2.8514200000000	-1.1138485874723
2.8514300000000	-1.1372567085927
2.8514400000000	-1.1601121644053
2.8514500000000	-1.1866260816276
2.8514600000000	-1.2126052416732
2.8514700000000	-1.2380284877923
2.8514800000000	-1.2674739290234
2.8514900000000	-1.2963912675483
2.8515000000000	-1.3247572396007
2.8515100000000	-1.3575505010214
2.8515200000000	-1.3898325167334
2.8515300000000	-1.4215778990317
2.8515400000000	-1.4582014433123
2.8515500000000	-1.4943436340276
2.8515600000000	-1.5299770195077
2.8515700000000	-1.5709897861475
2.8515800000000	-1.6115675211520
2.8515900000000	-1.6516808726545
2.8516000000000	-1.6977297265160
2.8516100000000	-1.7434103114910
2.8516200000000	-1.7886916738812
2.8516300000000	-1.8405238564995
2.8516400000000	-1.8920796342081
2.8516500000000	-1.9433269178283
2.8516600000000	-2.0018032119622
2.8516700000000	-2.0601253728628
2.8516800000000	-2.1182608439637
2.8516900000000	-2.1843689513742
2.8517000000000	-2.2504814997159
2.8517100000000	-2.3165663658739
2.8517200000000	-2.3914337290912
2.8517300000000	-2.4665067618767
2.8517400000000	-2.5417549326646
2.8517500000000	-2.6266599161381
2.8517600000000	-2.7120210416367
2.8517700000000	-2.7978107996663
2.8517800000000	-2.8941908188918
2.8517900000000	-2.9913332113799
2.8518000000000	-3.0892151986971
2.8518100000000	-3.1986701187156
2.8518200000000	-3.3092554598584
2.8518300000000	-3.4209551652244
2.8518400000000	-3.5452441958995
2.8518500000000	-3.6710987172402
2.8518600000000	-3.7985116825882
2.8518700000000	-3.9395422309152
2.8518800000000	-4.0826444120657
2.8518900000000	-4.2278228369936
2.8519000000000	-4.3876305061740
2.8519100000000	-4.5500898686260
2.8519200000000	-4.7152203459678
2.8519300000000	-4.8959406230448
2.8519400000000	-5.0799685952472
2.8519500000000	-5.2673424376609
2.8519600000000	-5.4711765826517
2.8519700000000	-5.6790525454161
2.8519800000000	-5.8910324530372
2.8519900000000	-6.1202124605515
2.8520000000000	-6.3542505089350
2.8520100000000	-6.5932398024835
2.8520200000000	-6.8499995467097
2.8520300000000	-7.1125236478737
2.8520400000000	-7.3809463040346
2.8520500000000	-7.6675073737021
2.8520600000000	-7.9608436978863
2.8520700000000	-8.2611441897238
2.8520800000000	-8.5797247124722
2.8520900000000	-8.9062192348571
2.8521000000000	-9.2408900052935
2.8521100000000	-9.5937423851463
2.8521200000000	-9.9558088960929
2.8521300000000	-10.327449735125
2.8521400000000	-10.716928620572
2.8521500000000	-11.117126986893
2.8521600000000	-11.528534541187
2.8521700000000	-11.957187040950
2.8521800000000	-12.398321162220
2.8521900000000	-12.852595069594
2.8522000000000	-13.323256481468
2.8522100000000	-13.808470360526
2.8522200000000	-14.309108445987
2.8522300000000	-14.824959019800
2.8522400000000	-15.357775687072
2.8522500000000	-15.908689031299
2.8522600000000	-16.473183211103
2.8522700000000	-17.057372810273
2.8522800000000	-17.662673623008
2.8522900000000	-18.279144554054
2.8523000000000	-18.918164857611
2.8523100000000	-19.581390635517
2.8523200000000	-20.251890775586
2.8523300000000	-20.947325478587
2.8523400000000	-21.669344569134
2.8523500000000	-22.391769099519
2.8523600000000	-23.139538590285
2.8523700000000	-23.913570336148
2.8523800000000	-24.675242372401
2.8523900000000	-25.457429933446
2.8524000000000	-26.258742312446
2.8524100000000	-27.024399925881
2.8524200000000	-27.795299017978
2.8524300000000	-28.565806288922
2.8524400000000	-29.264131672658
2.8524500000000	-29.940050806220
2.8524600000000	-30.585200641757
2.8524700000000	-31.120488100055
2.8524800000000	-31.607992632771
2.8524900000000	-32.044305589021
2.8525000000000	-32.360222701258
2.8525100000000	-32.626899536064
2.8525200000000	-32.847093174986
2.8525300000000	-32.963508858308
2.8525400000000	-33.040704436568
2.8525500000000	-33.078413741629
2.8525600000000	-33.022074276044
2.8525700000000	-32.921699600673
2.8525800000000	-32.771785261205
2.8525900000000	-32.522702451622
2.8526000000000	-32.216977078577
2.8526100000000	-31.852584335248
2.8526200000000	-31.397538536810
2.8526300000000	-30.892927269469
2.8526400000000	-30.344590693723
2.8526500000000	-29.740140515959
2.8526600000000	-29.112050345963
2.8526700000000	-28.467430104494
2.8526800000000	-27.804319187607
2.8526900000000	-27.140379875740
2.8527000000000	-26.479568313812
2.8527100000000	-25.824513642003
2.8527200000000	-25.180250098622
2.8527300000000	-24.548049293542
2.8527400000000	-23.933382505629
2.8527500000000	-23.333238137229
2.8527600000000	-22.747584209494
2.8527700000000	-22.184026385421
2.8527800000000	-21.634971834777
2.8527900000000	-21.099929300269
2.8528000000000	-20.588044996916
2.8528100000000	-20.089243817916
2.8528200000000	-19.602948304449
2.8528300000000	-19.139318892052
2.8528400000000	-18.687006234632
2.8528500000000	-18.245482979977
2.8528600000000	-17.825502637909
2.8528700000000	-17.415140656265
2.8528800000000	-17.013956700292
2.8528900000000	-16.632982826778
2.8529000000000	-16.260132694993
2.8529100000000	-15.895052655650
2.8529200000000	-15.548827138201
2.8529300000000	-15.209457902871
2.8529400000000	-14.876665884460
2.8529500000000	-14.561428813221
2.8529600000000	-14.251989736882
2.8529700000000	-13.948130052834
2.8529800000000	-13.660610840752
2.8529900000000	-13.378010427355
2.8530000000000	-13.100157893967
2.8530100000000	-12.837523214722
2.8530200000000	-12.579076539953
2.8530300000000	-12.324684071403
2.8530400000000	-12.084475845352
2.8530500000000	-11.847845975013
2.8530600000000	-11.614689397450
2.8530700000000	-11.394765955585
2.8530800000000	-11.177909538801
2.8530900000000	-10.964037293857
2.8531000000000	-10.762522167974
2.8531100000000	-10.563642477935
2.8531200000000	-10.367332550734
2.8531300000000	-10.182571680488
2.8531400000000	-10.000079501810
2.8531500000000	-9.8198036625529
2.8531600000000	-9.6503303690288
2.8531700000000	-9.4828120096448
2.8531800000000	-9.3172065958000
2.8531900000000	-9.1617132007327
2.8532000000000	-9.0079045573675
2.8532100000000	-8.8557467736183
2.8532200000000	-8.7130616872870
2.8532300000000	-8.5718272748861
2.8532400000000	-8.4320159999027
2.8532500000000	-8.3010852076329
2.8532600000000	-8.1714011736238
2.8532700000000	-8.0429413762378
2.8532800000000	-7.9228134133428
2.8532900000000	-7.8037537084424
2.8533000000000	-7.6857437182529
2.8533100000000	-7.5755575821843
2.8533200000000	-7.4662828036330
2.8533300000000	-7.3579040122471
2.8533400000000	-7.2568784308712
2.8533500000000	-7.1566258248727
2.8533600000000	-7.0571333671641
2.8533700000000	-6.9645589323926
2.8533800000000	-6.8726350882961
2.8533900000000	-6.7813510551165
2.8534000000000	-6.6965828624446
2.8534100000000	-6.6123567980430
2.8534200000000	-6.5286637355212
2.8534300000000	-6.4511152523825
2.8534400000000	-6.3740126303595
2.8534500000000	-6.2973480805095
2.8534600000000	-6.2264858271664
2.8534700000000	-6.1559839109881
2.8534800000000	-6.0858356245695
2.8534900000000	-6.0211745058769
2.8535000000000	-5.9567977106411
2.8535100000000	-5.8926994034776
2.8535200000000	-5.8337985698293
2.8535300000000	-5.7751144995966
2.8535400000000	-5.7166420560841
2.8535500000000	-5.6631012023513
2.8535600000000	-5.6097170928312
2.8535700000000	-5.5564851446563
2.8535800000000	-5.5079411785688
2.8535900000000	-5.4595006842562
2.8536000000000	-5.4111595104605
2.8536100000000	-5.3672835386655
2.8536200000000	-5.3234638183696
2.8536300000000	-5.2796965259478
2.8536400000000	-5.2401911181780
2.8536500000000	-5.2007001837202
2.8536600000000	-5.1612201374892
2.8536700000000	-5.1258168380693
2.8536800000000	-5.0903911385921
2.8536900000000	-5.0549396156981
2.8537000000000	-5.0233966779428
2.8537100000000	-4.9917988977656
2.8537200000000	-4.9601429470033
2.8537300000000	-4.9322432704600
2.8537400000000	-4.9042603222641
2.8537500000000	-4.8761908116419
2.8537600000000	-4.8517400653601
2.8537700000000	-4.8271812632326
2.8537800000000	-4.8025111015355
2.8537900000000	-4.7813360187378
2.8538000000000	-4.7600314174810
2.8538100000000	-4.7385939372342
2.8538200000000	-4.7205407684306
2.8538300000000	-4.7023396569752
2.8538400000000	-4.6839871473482
2.8538500000000	-4.6689202601170
2.8538600000000	-4.6536897978877
2.8538700000000	-4.6382921769902
2.8538800000000	-4.6260927915802
2.8538900000000	-4.6137167774555
2.8539000000000	-4.6011603941257
2.8539100000000	-4.5917254447738
2.8539200000000	-4.5821032089516
2.8539300000000	-4.5722897647362
2.8539400000000	-4.5655308772160
2.8539500000000	-4.5585762868334
2.8539600000000	-4.5514218693230
2.8539700000000	-4.5472644457943
2.8539800000000	-4.5429050156540
2.8539900000000	-4.5383392348069
2.8540000000000	-4.5367216375167
2.8540100000000	-4.5348977377203
2.8540200000000	-4.5328629572134
2.8540300000000	-4.5337357830630
2.8540400000000	-4.5343999357823
2.8540500000000	-4.5348505918208
2.8540600000000	-4.5381760302298
2.8540700000000	-4.5412922882317
2.8540800000000	-4.5441942886272
2.8540900000000	-4.5499455555192
2.8541000000000	-4.5554889554401
2.8541100000000	-4.5608191521088
2.8541200000000	-4.5689799932097
2.8541300000000	-4.5769360769125
2.8541400000000	-4.5846818052755
2.8541500000000	-4.5952460622449
2.8541600000000	-4.6056104599163
2.8541700000000	-4.6157691389849
2.8541800000000	-4.6287403722118
2.8541900000000	-4.6415184411391
2.8542000000000	-4.6540972283383
2.8542100000000	-4.6694883905099
2.8542200000000	-4.6846949037472
2.8542300000000	-4.6997103987891
2.8542400000000	-4.7175435535801
2.8542500000000	-4.7352024329457
2.8542600000000	-4.7526804252792
2.8542700000000	-4.7729865057539
2.8542800000000	-4.7931305938205
2.8542900000000	-4.8131058483934
2.8543000000000	-4.8359244498989
2.8543100000000	-4.8585953158302
2.8543200000000	-4.8811113920957
2.8543300000000	-4.9064905946302
2.8543400000000	-4.9317383689014
2.8543500000000	-4.9568474681610
2.8543600000000	-4.9848436833803
2.8543700000000	-5.0127269166213
2.8543800000000	-5.0404897530089
2.8543900000000	-5.0711675912366
2.8544000000000	-5.1017531325958
2.8544100000000	-5.1322388231596
2.8544200000000	-5.1656709759616
2.8544300000000	-5.1990338666433
2.8544400000000	-5.2323198362480
2.8544500000000	-5.2685869703832
2.8544600000000	-5.3048103482198
2.8544700000000	-5.3409822451963
2.8544800000000	-5.3801729040485
2.8544900000000	-5.4193479152938
2.8545000000000	-5.4584995341334
2.8545100000000	-5.5007100430465
2.8545200000000	-5.5429357579356
2.8545300000000	-5.5851689656666
2.8545400000000	-5.6305033380875
2.8545500000000	-5.6758866671745
2.8545600000000	-5.7213113305664
2.8545700000000	-5.7698811723807
2.8545800000000	-5.8185367812095
2.8545900000000	-5.8672706925589
2.8546000000000	-5.9191951026834
2.8546100000000	-5.9712453230377
2.8546200000000	-6.0234141229699
2.8546300000000	-6.0788195890251
2.8546400000000	-6.1343943258574
2.8546500000000	-6.1901314225175
2.8546600000000	-6.2491517113529
2.8546700000000	-6.3083883454041
2.8546800000000	-6.3678348303615
2.8546900000000	-6.4306108742532
2.8547000000000	-6.4936541615956
2.8547100000000	-6.5569587240825
2.8547200000000	-6.6236387828012
2.8547300000000	-6.6906410375403
2.8547400000000	-6.7579601694475
2.8547500000000	-6.8286988985520
2.8547600000000	-6.8998190616055
2.8547700000000	-6.9713161282982
2.8547800000000	-7.0462752713102
2.8547900000000	-7.1216796385744
2.8548000000000	-7.1975256454477
2.8548100000000	-7.2768736762992
2.8548200000000	-7.3567355588587
2.8548300000000	-7.4371088316568
2.8548400000000	-7.5210208804026
2.8548500000000	-7.6055205572921
2.8548600000000	-7.6906067247810
2.8548700000000	-7.7792645349368
2.8548800000000	-7.8685892422677
2.8548900000000	-7.9585812604697
2.8549000000000	-8.0521731900569
2.8549100000000	-8.1465171594741
2.8549200000000	-8.2416153913618
2.8549300000000	-8.3403364715444
2.8549400000000	-8.4399010327511
2.8549500000000	-8.5403133990912
2.8549600000000	-8.6443654660104
2.8549700000000	-8.7493592299225
2.8549800000000	-8.8553014489652
2.8549900000000	-8.9648933658258
2.8550000000000	-9.0755325065345
2.8550100000000	-9.1872284417633
2.8550200000000	-9.3025764297090
2.8550300000000	-9.4190850847716
2.8550400000000	-9.5367672216056
2.8550500000000	-9.6580953188704
2.8550600000000	-9.7807061287291
2.8550700000000	-9.9046162022473
2.8550800000000	-10.032156871976
2.8550900000000	-10.161111680125
2.8551000000000	-10.291501476923
2.8551100000000	-10.425496384537
2.8551200000000	-10.561047120784
2.8551300000000	-10.698179479056
2.8551400000000	-10.838880460279
2.8551500000000	-10.981290229768
2.8551600000000	-11.125440262088
2.8551700000000	-11.273110502677
2.8551800000000	-11.422654903643
2.8551900000000	-11.574111467629
2.8552000000000	-11.729026915630
2.8552100000000	-11.885995608697
2.8552200000000	-12.045063050849
2.8552300000000	-12.207514081731
2.8552400000000	-12.372212633563
2.8552500000000	-12.539212832142
2.8552600000000	-12.709506186434
2.8552700000000	-12.882258210361
2.8552800000000	-13.057532943269
2.8552900000000	-13.235993955818
2.8553000000000	-13.417143571752
2.8553100000000	-13.601057236082
2.8553200000000	-13.788032374998
2.8553300000000	-13.977947010903
2.8553400000000	-14.170889721180
2.8553500000000	-14.366749453743
2.8553600000000	-14.565823010478
2.8553700000000	-14.768214103264
2.8553800000000	-14.973356104750
2.8553900000000	-15.182012505841
2.8554000000000	-15.394304479160
2.8554100000000	-15.609157198934
2.8554200000000	-15.827854345887
2.8554300000000	-16.050537261951
2.8554400000000	-16.275563858753
2.8554500000000	-16.504798011277
2.8554600000000	-16.738404391137
2.8554700000000	-16.974107046050
2.8554800000000	-17.214417643721
2.8554900000000	-17.459527880865
2.8555000000000	-17.706452491194
2.8555100000000	-17.958427429309
2.8555200000000	-18.215675746880
2.8555300000000	-18.474416997091
2.8555400000000	-18.738698362890
2.8555500000000	-19.008779334143
2.8555600000000	-19.279986130603
2.8555700000000	-19.557276398129
2.8555800000000	-19.840952043247
2.8555900000000	-20.125333288292
2.8556000000000	-20.416401960171
2.8556100000000	-20.714509425130
2.8556200000000	-21.012840095944
2.8556300000000	-21.318530772772
2.8556400000000	-21.631990591045
2.8556500000000	-21.945118085721
2.8556600000000	-22.266355945474
2.8556700000000	-22.596180891995
2.8556800000000	-22.925031623702
2.8556900000000	-23.262831322207
2.8557000000000	-23.610135910278
2.8557100000000	-23.955722199755
2.8557200000000	-24.311196294943
2.8557300000000	-24.677207086455
2.8557400000000	-25.040634580713
2.8557500000000	-25.415002806371
2.8557600000000	-25.801069986840
2.8557700000000	-26.183546224253
2.8557800000000	-26.578146425147
2.8557900000000	-26.985757699759
2.8558000000000	-27.388603240544
2.8558100000000	-27.804905759757
2.8558200000000	-28.235704838825
2.8558300000000	-28.660369905030
2.8558400000000	-29.099999076295
2.8558500000000	-29.555813318857
2.8558600000000	-30.003905631511
2.8558700000000	-30.468675358698
2.8558800000000	-30.951561250438
2.8558900000000	-31.424895324100
2.8559000000000	-31.916871222948
2.8559100000000	-32.429193103267
2.8559200000000	-32.929877974535
2.8559300000000	-33.451486412048
2.8559400000000	-33.996053331544
2.8559500000000	-34.526642915219
2.8559600000000	-35.080854880716
2.8559700000000	-35.661148765517
2.8559800000000	-36.224877542928
2.8559900000000	-36.815489231644
2.8560000000000	-37.436005557129
2.8560100000000	-38.037088277966
2.8560200000000	-38.669051341397
2.8560300000000	-39.335670080901
2.8560400000000	-39.979426175031
2.8560500000000	-40.658860490344
2.8560600000000	-41.378697449022
2.8560700000000	-42.070478617624
2.8560800000000	-42.802835077106
2.8560900000000	-43.581284502567
2.8561000000000	-44.320314149770
2.8561100000000	-45.100917808529
2.8561200000000	-45.927318416516
2.8561300000000	-46.682368378054
2.8561400000000	-47.460911657634
2.8561500000000	-48.257553853238
2.8561600000000	-48.895331429740
2.8561700000000	-49.487258844141
2.8561800000000	-50.011113757444
2.8561900000000	-50.267203199248
2.8562000000000	-50.400137567002
2.8562100000000	-50.305325719993
2.8562200000000	-49.972001811692
2.8562300000000	-49.580263200096
2.8562400000000	-49.158013563340
2.8562500000000	-48.560058779529
2.8562600000000	-47.996832925167
2.8562700000000	-47.473484334961
2.8562800000000	-46.862285881508
2.8562900000000	-46.314395021433
2.8563000000000	-45.823637843468
2.8563100000000	-45.281331451957
2.8563200000000	-44.801780142721
2.8563300000000	-44.377467085649
2.8563400000000	-43.917441049308
2.8563500000000	-43.513420094765
2.8563600000000	-43.159054804551
2.8563700000000	-42.777678120593
2.8563800000000	-42.445738684245
2.8563900000000	-42.158265610495
2.8564000000000	-41.849728787871
2.8564100000000	-41.585409188468
2.8564200000000	-41.361467537738
2.8564300000000	-41.121024387587
2.8564400000000	-40.920800795774
2.8564500000000	-40.757796600528
2.8564600000000	-40.581757359757
2.8564700000000	-40.442678081206
2.8564800000000	-40.338086331321
2.8564900000000	-40.222499252603
2.8565000000000	-40.140538129334
2.8565100000000	-40.089823285208
2.8565200000000	-40.027628005661
2.8565300000000	-39.994139681374
2.8565400000000	-39.986307346498
2.8565500000000	-39.961591393093
2.8565600000000	-39.956230710511
2.8565700000000	-39.965204501576
2.8565800000000	-39.942898936337
2.8565900000000	-39.921934856843
2.8566000000000	-39.894052213335
2.8566100000000	-39.808236792229
2.8566200000000	-39.695756767389
2.8566300000000	-39.547025786227
2.8566400000000	-39.309457425779
2.8566500000000	-39.020338683129
2.8566600000000	-38.676391545325
2.8566700000000	-38.233891843889
2.8566800000000	-37.741472846042
2.8566900000000	-37.205303934386
2.8567000000000	-36.593074814418
2.8567100000000	-35.956347105177
2.8567200000000	-35.303202026248
2.8567300000000	-34.606289067952
2.8567400000000	-33.909792750731
2.8567500000000	-33.218355990770
2.8567600000000	-32.506361633674
2.8567700000000	-31.808571472560
2.8567800000000	-31.126436788132
2.8567900000000	-30.436358432839
2.8568000000000	-29.765616788842
2.8568100000000	-29.114012586476
2.8568200000000	-28.460575606430
2.8568300000000	-27.827186251049
2.8568400000000	-27.213014644605
2.8568500000000	-26.599869254266
2.8568600000000	-26.005647663343
2.8568700000000	-25.429371387230
2.8568800000000	-24.855484762806
2.8568900000000	-24.298792562125
2.8569000000000	-23.758361127619
2.8569100000000	-23.221030153252
2.8569200000000	-22.699080095749
2.8569300000000	-22.191686631618
2.8569400000000	-21.687840429178
2.8569500000000	-21.197677580911
2.8569600000000	-20.720494925143
2.8569700000000	-20.247218198162
2.8569800000000	-19.786105852404
2.8569900000000	-19.336568082521
2.8570000000000	-18.891284190564
2.8570100000000	-18.456830935936
2.8570200000000	-18.032718077851
2.8570300000000	-17.613227871473
2.8570400000000	-17.203405417029
2.8570500000000	-16.802845618613
2.8570600000000	-16.407307888535
2.8570700000000	-16.020425178792
2.8570800000000	-15.641864390155
2.8570900000000	-15.268754978942
2.8571000000000	-14.903416850033
2.8571100000000	-14.545577519500
2.8571200000000	-14.193642635728
2.8571300000000	-13.848704785346
2.8571400000000	-13.510542442899
2.8571500000000	-13.178752304587
2.8571600000000	-12.853277135880
2.8571700000000	-12.533938219936
2.8571800000000	-12.221443146925
2.8571900000000	-11.914658008508
2.8572000000000	-11.613440008006
2.8572100000000	-11.319529519929
2.8572200000000	-11.030787725785
2.8572300000000	-10.747101904785
2.8572400000000	-10.471166925100
2.8572500000000	-10.199911662879
2.8572600000000	-9.9332485005515
2.8572700000000	-9.6747467918424
2.8572800000000	-9.4204781182975
2.8572900000000	-9.1703757358404
2.8573000000000	-8.9288008872689
2.8573100000000	-8.6910462138851
2.8573200000000	-8.4570622654871
2.8573300000000	-8.2319167507519
2.8573400000000	-8.0102053978759
2.8573500000000	-7.7918930526502
2.8573600000000	-7.5826659800323
2.8573700000000	-7.3765084439275
2.8573800000000	-7.1733971138948
2.8573900000000	-6.9795472507480
2.8574000000000	-6.7884197466923
2.8574100000000	-6.6000010946340
2.8574200000000	-6.4209455568857
2.8574300000000	-6.2442801738728
2.8574400000000	-6.0699996743642
2.8574500000000	-5.9051083559147
2.8574600000000	-5.7422888208923
2.8574700000000	-5.5815427926052
2.8574800000000	-5.4301382260890
2.8574900000000	-5.2805008885506
2.8575000000000	-5.1326385297617
2.8575100000000	-4.9940004907001
2.8575200000000	-4.8568397745811
2.8575300000000	-4.7211693884606
2.8575400000000	-4.5945432477375
2.8575500000000	-4.4691205396709
2.8575600000000	-4.3449188889066
2.8575700000000	-4.2295265338442
2.8575800000000	-4.1150813280486
2.8575900000000	-4.0016049451987
2.8576000000000	-3.8966570475017
2.8576100000000	-3.7924191593045
2.8576200000000	-3.6889164628109
2.8576300000000	-3.5936249630782
2.8576400000000	-3.4988267399111
2.8576500000000	-3.4045499451963
2.8576600000000	-3.3181398166555
2.8576700000000	-3.2320274813751
2.8576800000000	-3.1462435128787
2.8576900000000	-3.0679631169323
2.8577000000000	-2.9898066291252
2.8577100000000	-2.9118064891557
2.8577200000000	-2.8409360987345
2.8577300000000	-2.7700371745228
2.8577400000000	-2.6991434695655
2.8577500000000	-2.6350017774855
2.8577600000000	-2.5706999345264
2.8577700000000	-2.5062724713581
2.8577800000000	-2.4482210973172
2.8577900000000	-2.3898977715531
2.8578000000000	-2.3313372989030
2.8578100000000	-2.2787834506771
2.8578200000000	-2.2258643571885
2.8578300000000	-2.1726146395704
2.8578400000000	-2.1250121721521
2.8578500000000	-2.0769681576438
2.8578600000000	-2.0285166311599
2.8578700000000	-1.9853657894271
2.8578800000000	-1.9417124561862
2.8578900000000	-1.8975897397938
2.8579000000000	-1.8584358764961
2.8579100000000	-1.8187322580401
2.8579200000000	-1.7785107890017
2.8579300000000	-1.7429423317649
2.8579400000000	-1.7067888794477
2.8579500000000	-1.6700809182991
2.8579600000000	-1.6377268266602
2.8579700000000	-1.6047629332418
2.8579800000000	-1.5712181501213
2.8579900000000	-1.5417450643747
2.8580000000000	-1.5116463124084
2.8580100000000	-1.4809491293411
2.8580200000000	-1.4540582940255
2.8580300000000	-1.4265335040356
2.8580400000000	-1.3984002611019
2.8580500000000	-1.3738247526072
2.8580600000000	-1.3486133284517
2.8580700000000	-1.3227897400055
2.8580800000000	-1.3002912514259
2.8580900000000	-1.2771601136180
2.8581000000000	-1.2534183428294
2.8581100000000	-1.2327844547968
2.8581200000000	-1.2115254384336
2.8581300000000	-1.1896616157355
2.8581400000000	-1.1707031456958
2.8581500000000	-1.1511304753026
2.8581600000000	-1.1309622927711
2.8581700000000	-1.1135108388276
2.8581800000000	-1.0954587888819
2.8581900000000	-1.0768232721323
2.8582000000000	-1.0607289616357
2.8582100000000	-1.0440497115572
2.8582200000000	-1.0268011765819
2.8582300000000	-1.0119306201753
2.8582400000000	-0.99649230390942
2.8582500000000	-0.98050049842565
2.8582600000000	-0.96673494371328
2.8582700000000	-0.95241988812517
2.8582800000000	-0.93756831160408
2.8582900000000	-0.92480198629314
2.8583000000000	-0.91150512862611
2.8583100000000	-0.89768952162693
2.8583200000000	-0.88582815342143
2.8583300000000	-0.87345562577915
2.8583400000000	-0.86058261714593
2.8583500000000	-0.84954211630386
2.8583600000000	-0.83800998390042
2.8583700000000	-0.82599588328473
2.8583800000000	-0.81570117334134
2.8583900000000	-0.80493431287957
2.8584000000000	-0.79370403577256
2.8584100000000	-0.78408801809883
2.8584200000000	-0.77401912284499
2.8584300000000	-0.76350523548798
2.8584400000000	-0.75450787394345
2.8584500000000	-0.74507657261255
2.8584600000000	-0.73521844469908
2.8584700000000	-0.72678595749516
2.8584800000000	-0.71793803486692
2.8584900000000	-0.70868108869538
2.8585000000000	-0.70076523555720
2.8585100000000	-0.69245194363807
2.8585200000000	-0.68374698923026
2.8585300000000	-0.67630444299247
2.8585400000000	-0.66848189253583
2.8585500000000	-0.66028453914617
2.8585600000000	-0.65327633195197
2.8585700000000	-0.64590495508765
2.8585800000000	-0.63817509042098
2.8585900000000	-0.63156612571457
2.8586000000000	-0.62461020140052
2.8586100000000	-0.61731153074762
2.8586200000000	-0.61107015318536
2.8586300000000	-0.60449738807083
2.8586400000000	-0.59759702637573
2.8586500000000	-0.59169464267805
2.8586600000000	-0.58547580078300
2.8586700000000	-0.57894391143661
2.8586800000000	-0.57335465600024
2.8586900000000	-0.56746323137759
2.8587000000000	-0.56127270622532
2.8587100000000	-0.55597314604218
2.8587200000000	-0.55038507326106
2.8587300000000	-0.54451124894855
2.8587400000000	-0.53948012303903
2.8587500000000	-0.53417352094668
2.8587600000000	-0.52859392729936
2.8587700000000	-0.52381191644539
2.8587800000000	-0.51876686120004
2.8587900000000	-0.51346099784196
2.8588000000000	-0.50891052092477
2.8588100000000	-0.50410884479068
2.8588200000000	-0.49905798266302
2.8588300000000	-0.49472301636622
2.8588400000000	-0.49014812917741
2.8588500000000	-0.48533513401723
2.8588600000000	-0.48120105306036
2.8588700000000	-0.47683778364845
2.8588800000000	-0.47224695884882
2.8588900000000	-0.46830039426779
2.8589000000000	-0.46413484947645
2.8589100000000	-0.45975179605436
2.8589200000000	-0.45598050935594
2.8589300000000	-0.45199994856029
2.8589400000000	-0.44781144024074
2.8589500000000	-0.44420421153212
2.8589600000000	-0.44039693483361
2.8589700000000	-0.43639080649986
2.8589800000000	-0.43293733492586
2.8589900000000	-0.42929258342359
2.8590000000000	-0.42545763139043
2.8590100000000	-0.42214844642385
2.8590200000000	-0.41865631315599
2.8590300000000	-0.41498220591559
2.8590400000000	-0.41180858822405
2.8590500000000	-0.40845993854411
2.8590600000000	-0.40493713679252
2.8590700000000	-0.40189104756368
2.8590800000000	-0.39867744787059
2.8590900000000	-0.39529713277001
2.8591000000000	-0.39237115051502
2.8591100000000	-0.38928480438437
2.8591200000000	-0.38603881313540
2.8591300000000	-0.38322607711053
2.8591400000000	-0.38025976799036
2.8591500000000	-0.37714053590612
2.8591600000000	-0.37443469539747
2.8591700000000	-0.37158173513240
2.8591800000000	-0.36858224349459
2.8591900000000	-0.36597741230209
2.8592000000000	-0.36323159483844
2.8592100000000	-0.36034532390496
2.8592200000000	-0.35783603944378
2.8592300000000	-0.35519159914247
2.8592400000000	-0.35241248574942
2.8592500000000	-0.34999367225285
2.8592600000000	-0.34744524630816
2.8592700000000	-0.34476764557030
2.8592800000000	-0.34243458094394
2.8592900000000	-0.33997717546343
2.8593000000000	-0.33739582613906
2.8593100000000	-0.33514411206618
2.8593200000000	-0.33277307141669
2.8593300000000	-0.33028306454833
2.8593400000000	-0.32810859949528
2.8593500000000	-0.32581957856959
2.8593600000000	-0.32341632906071
2.8593700000000	-0.32131528387045
2.8593800000000	-0.31910422296573
2.8593900000000	-0.31678344378589
2.8594000000000	-0.31475223958567
2.8594100000000	-0.31261534162145
2.8594200000000	-0.31037302037395
2.8594300000000	-0.30840830855262
2.8594400000000	-0.30634201838596
2.8594500000000	-0.30417439599461
2.8594600000000	-0.30227304003460
2.8594700000000	-0.30027402565831
2.8594800000000	-0.29817757696241
2.8594900000000	-0.29633663593503
2.8595000000000	-0.29440177136720
2.8595100000000	-0.29237318743289
2.8595200000000	-0.29058990098635
2.8595300000000	-0.28871625068157
2.8595400000000	-0.28675242266147
2.8595500000000	-0.28502419735095
2.8595600000000	-0.28320900198272
2.8595700000000	-0.28130700637098
2.8595800000000	-0.27963140319692
2.8595900000000	-0.27787206667485
2.8596000000000	-0.27602915182367
2.8596100000000	-0.27440387485751
2.8596200000000	-0.27269795245993
2.8596300000000	-0.27091152623682
2.8596400000000	-0.26933441222797
2.8596500000000	-0.26767959974207
2.8596600000000	-0.26594721821786
2.8596700000000	-0.26441622708678
2.8596800000000	-0.26281035085996
2.8596900000000	-0.26112970793313
2.8597000000000	-0.25964291406502
2.8597100000000	-0.25808392188137
2.8597200000000	-0.25645283974956
2.8597300000000	-0.25500842401224
2.8597400000000	-0.25349437671693
2.8597500000000	-0.25191079711861
2.8597600000000	-0.25050703953760
2.8597700000000	-0.24903610334000
2.8597800000000	-0.24749807949598
2.8597900000000	-0.24613335252370
2.8598000000000	-0.24470379191633
2.8598100000000	-0.24320948110784
2.8598200000000	-0.24188224343357
2.8598300000000	-0.24049241467240
2.8598400000000	-0.23904007139858
2.8598500000000	-0.23774886224964
2.8598600000000	-0.23639720734376
2.8598700000000	-0.23498517700770
2.8598800000000	-0.23372861089683
2.8598900000000	-0.23241365206315
2.8599000000000	-0.23104036514050
2.8599100000000	-0.22981712702018
2.8599200000000	-0.22853746156204
2.8599300000000	-0.22720142820909
2.8599400000000	-0.22601026899667
2.8599500000000	-0.22476456456933
2.8599600000000	-0.22346436963453
2.8599700000000	-0.22230410207570
2.8599800000000	-0.22109109230552
2.8599900000000	-0.21982539070871
2.8600000000000	-0.21869488554975
