#Parameters = {n=0.01; f0=2856000000; lambda=0.10496934803922; l=0.0010496934803922; LL=0.2}
#"Frequency / GHz"	"S1,1 [Magnitude in dB]"
#------------------------------------------
2.8500000000000	-0.26268626415917
2.8500100000000	-0.26480231683502
2.8500200000000	-0.26685290017275
2.8500300000000	-0.26883768413719
2.8500400000000	-0.27104875927031
2.8500500000000	-0.27319169869971
2.8500600000000	-0.27526614312394
2.8500700000000	-0.27757884893811
2.8500800000000	-0.27982062673017
2.8500900000000	-0.28199108512128
2.8501000000000	-0.28441265517440
2.8501100000000	-0.28676037449998
2.8501200000000	-0.28903381655790
2.8501300000000	-0.29157218422976
2.8501400000000	-0.29403364406342
2.8501500000000	-0.29641773097860
2.8501600000000	-0.29908161459580
2.8501700000000	-0.30166539544590
2.8501800000000	-0.30416856621420
2.8501900000000	-0.30696756657804
2.8502000000000	-0.30968312886372
2.8502100000000	-0.31231469948851
2.8502200000000	-0.31525941190258
2.8502300000000	-0.31811720913288
2.8502400000000	-0.32088748694056
2.8502500000000	-0.32398963023381
2.8502600000000	-0.32700123957378
2.8502700000000	-0.32992165530640
2.8502800000000	-0.33319422083908
2.8502900000000	-0.33637249414762
2.8503000000000	-0.33945575502428
2.8503100000000	-0.34291317925457
2.8503200000000	-0.34627241830365
2.8503300000000	-0.34953268589427
2.8503400000000	-0.35319105081236
2.8503500000000	-0.35674721115665
2.8503600000000	-0.36020030870415
2.8503700000000	-0.36407757532193
2.8503800000000	-0.36784850421628
2.8503900000000	-0.37151215901824
2.8504000000000	-0.37562844020643
2.8504100000000	-0.37963415512283
2.8504200000000	-0.38352828279488
2.8504300000000	-0.38790616309483
2.8504400000000	-0.39216917879884
2.8504500000000	-0.39631621772726
2.8504600000000	-0.40098112944026
2.8504700000000	-0.40552684335934
2.8504800000000	-0.40995214951012
2.8504900000000	-0.41493281643644
2.8505000000000	-0.41978996422262
2.8505100000000	-0.42452227878049
2.8505200000000	-0.42985124155560
2.8505300000000	-0.43505243749417
2.8505400000000	-0.44012444269754
2.8505500000000	-0.44583868290683
2.8505600000000	-0.45142106323040
2.8505700000000	-0.45687004539194
2.8505800000000	-0.46301172968216
2.8505900000000	-0.46901772115211
2.8506000000000	-0.47488636442374
2.8506100000000	-0.48150373493385
2.8506200000000	-0.48798197647806
2.8506300000000	-0.49431931669013
2.8506400000000	-0.50146776053877
2.8506500000000	-0.50847421258349
2.8506600000000	-0.51533678779559
2.8506700000000	-0.52308012652572
2.8506800000000	-0.53067941137434
2.8506900000000	-0.53813265508238
2.8507000000000	-0.54654470529379
2.8507100000000	-0.55481173296859
2.8507200000000	-0.56293166776343
2.8507300000000	-0.57209813735032
2.8507400000000	-0.58112008546433
2.8507500000000	-0.58999539009832
2.8507600000000	-0.60001619132823
2.8507700000000	-0.60989492560979
2.8507800000000	-0.61962946784531
2.8507900000000	-0.63062155003038
2.8508000000000	-0.64147659529462
2.8508100000000	-0.65219254783370
2.8508200000000	-0.66429337989806
2.8508300000000	-0.67626558095135
2.8508400000000	-0.68810726973765
2.8508500000000	-0.70147913826202
2.8508600000000	-0.71473518829348
2.8508700000000	-0.72787386360318
2.8508800000000	-0.74270919710843
2.8508900000000	-0.75744725993931
2.8509000000000	-0.77208703337582
2.8509100000000	-0.78861502123375
2.8509200000000	-0.80507173609255
2.8509300000000	-0.82145699397660
2.8509400000000	-0.83995184164715
2.8509500000000	-0.85841107836542
2.8509600000000	-0.87683576764839
2.8509700000000	-0.89762702230437
2.8509800000000	-0.91843085458057
2.8509900000000	-0.93925014517182
2.8510000000000	-0.96273564087596
2.8510100000000	-0.98629812930358
2.8510200000000	-1.0099430903517
2.8510300000000	-1.0366052025562
2.8510400000000	-1.0634297299364
2.8510500000000	-1.0904258194679
2.8510600000000	-1.1208518852401
2.8510700000000	-1.1515529641413
2.8510800000000	-1.1825433202548
2.8510900000000	-1.2174512683743
2.8511000000000	-1.2527819378945
2.8511100000000	-1.2885566660347
2.8511200000000	-1.3288270939419
2.8511300000000	-1.3697132189725
2.8511400000000	-1.4112460687058
2.8511500000000	-1.4579621645623
2.8511600000000	-1.5055451018889
2.8511700000000	-1.5540390637406
2.8511800000000	-1.6085358274541
2.8511900000000	-1.6642249401065
2.8512000000000	-1.7211682635760
2.8512100000000	-1.7850922938271
2.8512200000000	-1.8506285169189
2.8512300000000	-1.9178622653521
2.8512400000000	-1.9932427103316
2.8512500000000	-2.0707735187250
2.8512600000000	-2.1505707115707
2.8512700000000	-2.2399004311820
2.8512800000000	-2.3320646730868
2.8512900000000	-2.4272187949494
2.8513000000000	-2.5335417179633
2.8513100000000	-2.6435591356324
2.8513200000000	-2.7574754908476
2.8513300000000	-2.8844705968327
2.8513400000000	-3.0162243446319
2.8513500000000	-3.1530001360978
2.8513600000000	-3.3050429438600
2.8513700000000	-3.4631322870510
2.8513800000000	-3.6275983447486
2.8513900000000	-3.8097647268762
2.8514000000000	-3.9994862847543
2.8514100000000	-4.1971612349963
2.8514200000000	-4.4151108045323
2.8514300000000	-4.6422936871792
2.8514400000000	-4.8791614637141
2.8514500000000	-5.1387869631641
2.8514600000000	-5.4093441435026
2.8514700000000	-5.6912867968524
2.8514800000000	-5.9979127589924
2.8514900000000	-6.3168391594737
2.8515000000000	-6.6483875395215
2.8515100000000	-7.0050794523896
2.8515200000000	-7.3743426651953
2.8515300000000	-7.7560452082402
2.8515400000000	-8.1601373176732
2.8515500000000	-8.5743568554279
2.8515600000000	-8.9974223046189
2.8515700000000	-9.4337080186505
2.8515800000000	-9.8719160239832
2.8515900000000	-10.308426526975
2.8516000000000	-10.737876390111
2.8516100000000	-11.151333466599
2.8516200000000	-11.542087604396
2.8516300000000	-11.892374895197
2.8516400000000	-12.200181027843
2.8516500000000	-12.458861618755
2.8516600000000	-12.643534388378
2.8516700000000	-12.767772839968
2.8516800000000	-12.832327143413
2.8516900000000	-12.816611305253
2.8517000000000	-12.750771520518
2.8517100000000	-12.642792950926
2.8517200000000	-12.478936683160
2.8517300000000	-12.292456058903
2.8517400000000	-12.090713925943
2.8517500000000	-11.862867126740
2.8517600000000	-11.634468825322
2.8517700000000	-11.408990266856
2.8517800000000	-11.177373815742
2.8517900000000	-10.955993300429
2.8518000000000	-10.745565889738
2.8518100000000	-10.539395311041
2.8518200000000	-10.346831935419
2.8518300000000	-10.167375571317
2.8518400000000	-9.9969187172568
2.8518500000000	-9.8400203599209
2.8518600000000	-9.6958222743678
2.8518700000000	-9.5625499274959
2.8518800000000	-9.4415678851189
2.8518900000000	-9.3320233102061
2.8519000000000	-9.2340289235329
2.8519100000000	-9.1468225364421
2.8519200000000	-9.0696808848221
2.8519300000000	-9.0041474458586
2.8519400000000	-8.9480559492448
2.8519500000000	-8.9008392222800
2.8519600000000	-8.8650669526621
2.8519700000000	-8.8376787588176
2.8519800000000	-8.8182558684561
2.8519900000000	-8.8100491938848
2.8520000000000	-8.8094854428025
2.8520100000000	-8.8162784541724
2.8520200000000	-8.8340627035176
2.8520300000000	-8.8590577930089
2.8520400000000	-8.8910964201317
2.8520500000000	-8.9339287598170
2.8520600000000	-8.9838333798082
2.8520700000000	-9.0407538106976
2.8520800000000	-9.1082997899837
2.8520900000000	-9.1830609882450
2.8521000000000	-9.2650907406209
2.8521100000000	-9.3575960189745
2.8521200000000	-9.4577365530587
2.8521300000000	-9.5656819220593
2.8521400000000	-9.6839491454036
2.8521500000000	-9.8105525368992
2.8521600000000	-9.9457920249392
2.8521700000000	-10.091160394888
2.8521800000000	-10.245856390864
2.8521900000000	-10.410331805848
2.8522000000000	-10.584646663985
2.8522100000000	-10.769579886165
2.8522200000000	-10.965762222351
2.8522300000000	-11.171298381504
2.8522400000000	-11.389033495247
2.8522500000000	-11.619803371417
2.8522600000000	-11.859061655180
2.8522700000000	-12.112319951845
2.8522800000000	-12.380624819336
2.8522900000000	-12.655816115507
2.8523000000000	-12.946799740290
2.8523100000000	-13.254766224220
2.8523200000000	-13.566562036124
2.8523300000000	-13.895313271037
2.8523400000000	-14.242087031288
2.8523500000000	-14.586718688632
2.8523600000000	-14.947334317107
2.8523700000000	-15.324138979170
2.8523800000000	-15.687101906630
2.8523900000000	-16.059746577388
2.8524000000000	-16.439856836733
2.8524100000000	-16.784334609772
2.8524200000000	-17.121888070594
2.8524300000000	-17.446040905063
2.8524400000000	-17.700581993795
2.8524500000000	-17.919969364609
2.8524600000000	-18.095272123585
2.8524700000000	-18.168160574280
2.8524800000000	-18.182120609318
2.8524900000000	-18.134174202550
2.8525000000000	-17.983026701860
2.8525100000000	-17.778237736384
2.8525200000000	-17.525412857014
2.8525300000000	-17.204656473736
2.8525400000000	-16.856667489374
2.8525500000000	-16.487984895118
2.8525600000000	-16.091064055972
2.8525700000000	-15.689343806960
2.8525800000000	-15.286217864969
2.8525900000000	-14.880411921005
2.8526000000000	-14.480907163477
2.8526100000000	-14.088690421573
2.8526200000000	-13.706496069840
2.8526300000000	-13.334210448604
2.8526400000000	-12.971750159248
2.8526500000000	-12.624647191543
2.8526600000000	-12.287639915985
2.8526700000000	-11.960313249266
2.8526800000000	-11.650060695537
2.8526900000000	-11.348845855022
2.8527000000000	-11.056221082929
2.8527100000000	-10.780716210682
2.8527200000000	-10.512884309036
2.8527300000000	-10.252341754010
2.8527400000000	-10.008227381410
2.8527500000000	-9.7704711863206
2.8527600000000	-9.5387718081863
2.8527700000000	-9.3225108735529
2.8527800000000	-9.1114567327699
2.8527900000000	-8.9053823669138
2.8528000000000	-8.7136656406717
2.8528100000000	-8.5261863049259
2.8528200000000	-8.3427774043263
2.8528300000000	-8.1726515216336
2.8528400000000	-8.0059605607808
2.8528500000000	-7.8425838106487
2.8528600000000	-7.6914663319102
2.8528700000000	-7.5431239418543
2.8528800000000	-7.3974707144245
2.8528900000000	-7.2631229609477
2.8529000000000	-7.1310087100671
2.8529100000000	-7.0010678875438
2.8529200000000	-6.8815551002276
2.8529300000000	-6.7638310226580
2.8529400000000	-6.6478546614088
2.8529500000000	-6.5415053742539
2.8529600000000	-6.4365789005169
2.8529700000000	-6.3330482615288
2.8529800000000	-6.2384172482917
2.8529900000000	-6.1449074623143
2.8530000000000	-6.0525021699606
2.8530100000000	-5.9683381669359
2.8530200000000	-5.8850463394541
2.8530300000000	-5.8026173983866
2.8530400000000	-5.7278355476201
2.8530500000000	-5.6537198732942
2.8530600000000	-5.5802664498471
2.8530700000000	-5.5139249640248
2.8530800000000	-5.4480790662627
2.8530900000000	-5.3827286469794
2.8531000000000	-5.3240090944371
2.8531100000000	-5.2656437768266
2.8531200000000	-5.2076352487235
2.8531300000000	-5.1558258870445
2.8531400000000	-5.1042536349678
2.8531500000000	-5.0529228538072
2.8531600000000	-5.0074045137915
2.8531700000000	-4.9620263110333
2.8531800000000	-4.9167937759263
2.8531900000000	-4.8770278773375
2.8532000000000	-4.8373219696388
2.8532100000000	-4.7976822792672
2.8532200000000	-4.7632006323241
2.8532300000000	-4.7287129314039
2.8532400000000	-4.6942257496635
2.8532500000000	-4.6646218575103
2.8532600000000	-4.6349577315100
2.8532700000000	-4.6052400354946
2.8532800000000	-4.5801616633145
2.8532900000000	-4.5549789031292
2.8533000000000	-4.5296983239087
2.8533100000000	-4.5088412674965
2.8533200000000	-4.4878441802431
2.8533300000000	-4.4667134041148
2.8533400000000	-4.4498156653615
2.8533500000000	-4.4327495171979
2.8533600000000	-4.4155209830180
2.8533700000000	-4.4023584825773
2.8533800000000	-4.3890054314744
2.8533900000000	-4.3754674737574
2.8534000000000	-4.3658499234580
2.8534100000000	-4.3560250746140
2.8534200000000	-4.3459981545911
2.8534300000000	-4.3397656284496
2.8534400000000	-4.3333137575349
2.8534500000000	-4.3266473330513
2.8534600000000	-4.3236673300547
2.8534700000000	-4.3204600732824
2.8534800000000	-4.3170299119224
2.8534900000000	-4.3171948427370
2.8535000000000	-4.3171282904377
2.8535100000000	-4.3168341667588
2.8535200000000	-4.3200592065355
2.8535300000000	-4.3230518460609
2.8535400000000	-4.3258155721784
2.8535500000000	-4.3320368300053
2.8535600000000	-4.3380277914676
2.8535700000000	-4.3437915372633
2.8535800000000	-4.3529644998153
2.8535900000000	-4.3619120646116
2.8536000000000	-4.3706369297834
2.8536100000000	-4.3827351425905
2.8536200000000	-4.3946154800990
2.8536300000000	-4.4062802852896
2.8536400000000	-4.4212942399874
2.8536500000000	-4.4361003423957
2.8536600000000	-4.4507006108832
2.8536700000000	-4.4686368109720
2.8536800000000	-4.4863776000808
2.8536900000000	-4.5039247051347
2.8537000000000	-4.5248048862782
2.8537100000000	-4.5455044694056
2.8537200000000	-4.5660249254730
2.8537300000000	-4.5898854093806
2.8537400000000	-4.6135824643109
2.8537500000000	-4.6371173428412
2.8537600000000	-4.6640085063107
2.8537700000000	-4.6907557776281
2.8537800000000	-4.7173602306384
2.8537900000000	-4.7473460735928
2.8538000000000	-4.7772099648919
2.8538100000000	-4.8069528413743
2.8538200000000	-4.8401106396771
2.8538300000000	-4.8731708880103
2.8538400000000	-4.9061344301405
2.8538500000000	-4.9425544607935
2.8538600000000	-4.9789038814812
2.8538700000000	-5.0151834892624
2.8538800000000	-5.0549688172947
2.8538900000000	-5.0947131089321
2.8539000000000	-5.1344171636288
2.8539100000000	-5.1776834816902
2.8539200000000	-5.2209410828544
2.8539300000000	-5.2641908212291
2.8539400000000	-5.3110663346773
2.8539500000000	-5.3579683256575
2.8539600000000	-5.4048977589145
2.8539700000000	-5.4555231110539
2.8539800000000	-5.5062131558825
2.8539900000000	-5.5569690291944
2.8540000000000	-5.6114972635304
2.8540100000000	-5.6661315898281
2.8540200000000	-5.7208733806615
2.8540300000000	-5.7794699393923
2.8540400000000	-5.8382173560465
2.8540500000000	-5.8971173121626
2.8540600000000	-5.9599600730700
2.8540700000000	-6.0230020288087
2.8540800000000	-6.0862452499485
2.8540900000000	-6.1535246070309
2.8541000000000	-6.2210552963641
2.8541100000000	-6.2888398672454
2.8541200000000	-6.3607588644302
2.8541300000000	-6.4329853915033
2.8541400000000	-6.5055225780308
2.8541500000000	-6.5822971096765
2.8541600000000	-6.6594397253298
2.8541700000000	-6.7369542509085
2.8541800000000	-6.8188133480610
2.8541900000000	-6.9011057807690
2.8542000000000	-6.9838362052432
2.8542100000000	-7.0710224325858
2.8542200000000	-7.1587123402670
2.8542300000000	-7.2469115707090
2.8542400000000	-7.3396815658952
2.8542500000000	-7.4330311427286
2.8542600000000	-7.5269671127182
2.8542700000000	-7.6255923076742
2.8542800000000	-7.7248790882512
2.8542900000000	-7.8248356509433
2.8543000000000	-7.9296032234590
2.8543100000000	-8.0351211358680
2.8543200000000	-8.1413992259916
2.8543300000000	-8.2526133400573
2.8543400000000	-8.3646740701441
2.8543500000000	-8.4775932012216
2.8543600000000	-8.5955766060435
2.8543700000000	-8.7145113473604
2.8543800000000	-8.8344115235629
2.8543900000000	-8.9595075945253
2.8544000000000	-9.0856692724916
2.8544100000000	-9.2129134094953
2.8544200000000	-9.3454887297503
2.8544300000000	-9.4792548053394
2.8544400000000	-9.6142317726068
2.8544500000000	-9.7546793723470
2.8544600000000	-9.8964553501784
2.8544700000000	-10.039583768226
2.8544800000000	-10.188327160639
2.8544900000000	-10.338550950249
2.8545000000000	-10.490283902565
2.8545100000000	-10.647782081921
2.8545200000000	-10.806929389892
2.8545300000000	-10.967760240597
2.8545400000000	-11.134513840545
2.8545500000000	-11.303104806628
2.8545600000000	-11.473574353881
2.8545700000000	-11.650133203406
2.8545800000000	-11.828740536969
2.8545900000000	-12.009445779534
2.8546000000000	-12.196418141950
2.8546100000000	-12.385677067130
2.8546200000000	-12.577281918214
2.8546300000000	-12.775345754570
2.8546400000000	-12.975966133298
2.8546500000000	-13.179214481538
2.8546600000000	-13.389131142139
2.8546700000000	-13.601912209692
2.8546800000000	-13.817643796425
2.8546900000000	-14.040274604224
2.8547000000000	-14.266122812691
2.8547100000000	-14.495292454526
2.8547200000000	-14.731619053954
2.8547300000000	-14.971569926005
2.8547400000000	-15.215271013041
2.8547500000000	-15.466418117233
2.8547600000000	-15.721660698691
2.8547700000000	-15.981151501677
2.8547800000000	-16.248415937360
2.8547900000000	-16.520323723534
2.8548000000000	-16.797060328195
2.8548100000000	-17.081942448349
2.8548200000000	-17.372106496409
2.8548300000000	-17.667777631699
2.8548400000000	-17.972015045768
2.8548500000000	-18.282278517858
2.8548600000000	-18.598840607066
2.8548700000000	-18.924438609862
2.8548800000000	-19.256925371659
2.8548900000000	-19.596628175476
2.8549000000000	-19.945873867956
2.8549100000000	-20.302994112822
2.8549200000000	-20.668374744748
2.8549300000000	-21.043804565543
2.8549400000000	-21.428198024570
2.8549500000000	-21.821992024489
2.8549600000000	-22.226243836948
2.8549700000000	-22.640570949238
2.8549800000000	-23.065423759328
2.8549900000000	-23.500818565119
2.8550000000000	-23.947198041007
2.8550100000000	-24.404914766820
2.8550200000000	-24.872424111444
2.8550300000000	-25.351072154534
2.8550400000000	-25.840832625702
2.8550500000000	-26.337698141321
2.8550600000000	-26.843843585319
2.8550700000000	-27.358230923817
2.8550800000000	-27.872855161857
2.8550900000000	-28.390327194213
2.8551000000000	-28.907415041527
2.8551100000000	-29.409892828517
2.8551200000000	-29.900224270507
2.8551300000000	-30.371711652798
2.8551400000000	-30.802438503512
2.8551500000000	-31.195697519399
2.8551600000000	-31.542818299041
2.8551700000000	-31.818159201147
2.8551800000000	-32.031662446111
2.8551900000000	-32.179909584263
2.8552000000000	-32.243926065087
2.8552100000000	-32.245763988739
2.8552200000000	-32.191465891354
2.8552300000000	-32.072055766077
2.8552400000000	-31.914981718336
2.8552500000000	-31.729122979303
2.8552600000000	-31.508921268747
2.8552700000000	-31.277373771553
2.8552800000000	-31.040328217840
2.8552900000000	-30.791614074547
2.8553000000000	-30.547460155206
2.8553100000000	-30.310436129417
2.8553200000000	-30.073741270157
2.8553300000000	-29.848624313730
2.8553400000000	-29.635813530327
2.8553500000000	-29.428558679132
2.8553600000000	-29.235129348189
2.8553700000000	-29.055464267740
2.8553800000000	-28.883164124512
2.8553900000000	-28.724854454664
2.8554000000000	-28.580211517120
2.8554100000000	-28.443174877972
2.8554200000000	-28.319534645078
2.8554300000000	-28.208932402802
2.8554400000000	-28.105499409062
2.8554500000000	-28.014691882889
2.8554600000000	-27.936205850178
2.8554700000000	-27.864177820820
2.8554800000000	-27.804064987647
2.8554900000000	-27.755648149059
2.8555000000000	-27.712880215136
2.8555100000000	-27.681465139825
2.8555200000000	-27.661275711760
2.8555300000000	-27.645899521555
2.8555400000000	-27.641486430631
2.8555500000000	-27.648000593924
2.8555600000000	-27.658488584638
2.8555700000000	-27.679722902610
2.8555800000000	-27.711756986706
2.8555900000000	-27.746921977312
2.8556000000000	-27.792782229560
2.8556100000000	-27.849479529016
2.8556200000000	-27.908450711873
2.8556300000000	-27.978223801750
2.8556400000000	-28.059030174011
2.8556500000000	-28.141223133028
2.8556600000000	-28.234476457022
2.8556700000000	-28.339114954918
2.8556800000000	-28.444202915126
2.8556900000000	-28.560758745814
2.8557000000000	-28.689207353278
2.8557100000000	-28.817096309753
2.8557200000000	-28.957010392341
2.8557300000000	-29.109484292470
2.8557400000000	-29.260292836095
2.8557500000000	-29.423837822927
2.8557600000000	-29.600776726108
2.8557700000000	-29.774820949623
2.8557800000000	-29.962475157168
2.8557900000000	-30.164536352956
2.8558000000000	-30.362320721417
2.8558100000000	-30.574763458746
2.8558200000000	-30.802822317572
2.8558300000000	-31.025038843830
2.8558400000000	-31.263155385111
2.8558500000000	-31.518317321146
2.8558600000000	-31.765858153328
2.8558700000000	-32.030760786698
2.8558800000000	-32.314392835567
2.8558900000000	-32.588385988214
2.8559000000000	-32.881463116137
2.8559100000000	-33.195260067029
2.8559200000000	-33.497144797128
2.8559300000000	-33.820157970704
2.8559400000000	-34.166267499591
2.8559500000000	-34.497933088411
2.8559600000000	-34.853189492236
2.8559700000000	-35.234429066761
2.8559800000000	-35.598439306548
2.8559900000000	-35.989061177002
2.8560000000000	-36.409247541624
2.8560100000000	-36.809129212108
2.8560200000000	-37.239372747325
2.8560300000000	-37.703681355069
2.8560400000000	-38.144036989901
2.8560500000000	-38.619293199189
2.8560600000000	-39.134097284043
2.8560700000000	-39.619520257739
2.8560800000000	-40.144464798931
2.8560900000000	-40.714364510308
2.8561000000000	-41.243264653650
2.8561100000000	-41.812386520005
2.8561200000000	-42.425859753236
2.8561300000000	-42.966124428354
2.8561400000000	-43.528202629428
2.8561500000000	-44.106594747756
2.8561600000000	-44.523957818676
2.8561700000000	-44.893426919137
2.8561800000000	-45.192659349129
2.8561900000000	-45.221647374407
2.8562000000000	-45.125031678271
2.8562100000000	-44.797990292198
2.8562200000000	-44.229608277097
2.8562300000000	-43.599892592350
2.8562400000000	-42.936583560585
2.8562500000000	-42.094258213907
2.8562600000000	-41.283208522480
2.8562700000000	-40.508389756254
2.8562800000000	-39.641931039111
2.8562900000000	-38.834709410205
2.8563000000000	-38.080321325366
2.8563100000000	-37.270057822976
2.8563200000000	-36.517763580368
2.8563300000000	-35.815647929133
2.8563400000000	-35.072900240815
2.8563500000000	-34.380545007275
2.8563600000000	-33.731907439320
2.8563700000000	-33.050702890779
2.8563800000000	-32.412379885295
2.8563900000000	-31.811586715131
2.8564000000000	-31.183536028075
2.8564100000000	-30.592107828604
2.8564200000000	-30.033033998670
2.8564300000000	-29.450731719385
2.8564400000000	-28.900003251536
2.8564500000000	-28.377409699927
2.8564600000000	-27.834875199619
2.8564700000000	-27.319828035645
2.8564800000000	-26.829461511677
2.8564900000000	-26.321929447266
2.8565000000000	-25.838533277448
2.8565100000000	-25.376955056647
2.8565200000000	-24.900594494600
2.8565300000000	-24.445581088384
2.8565400000000	-24.009981431988
2.8565500000000	-23.561666904948
2.8565600000000	-23.132348114931
2.8565700000000	-22.720399259633
2.8565800000000	-22.297543300152
2.8565900000000	-21.891677642005
2.8566000000000	-21.501426103443
2.8566100000000	-21.101859605698
2.8566200000000	-20.717556314728
2.8566300000000	-20.347345088706
2.8566400000000	-19.969231145352
2.8566500000000	-19.604880493541
2.8566600000000	-19.253292146812
2.8566700000000	-18.895062610844
2.8566800000000	-18.549284110082
2.8566900000000	-18.215098105207
2.8567000000000	-17.875405562627
2.8567100000000	-17.547008341439
2.8567200000000	-17.229168062728
2.8567300000000	-16.906848390883
2.8567400000000	-16.594799961611
2.8567500000000	-16.292386438066
2.8567600000000	-15.986428782162
2.8567700000000	-15.689829707473
2.8567800000000	-15.402040053955
2.8567900000000	-15.111562126828
2.8568000000000	-14.829624935727
2.8568100000000	-14.555754202466
2.8568200000000	-14.279981507529
2.8568300000000	-14.012012759130
2.8568400000000	-13.751438318831
2.8568500000000	-13.489686351304
2.8568600000000	-13.235071107321
2.8568700000000	-12.987239000315
2.8568800000000	-12.738897787528
2.8568900000000	-12.497085998532
2.8569000000000	-12.261498854778
2.8569100000000	-12.026019406319
2.8569200000000	-11.796513886734
2.8569300000000	-11.572720181093
2.8569400000000	-11.349602566606
2.8569500000000	-11.131948351505
2.8569600000000	-10.919532845217
2.8569700000000	-10.708315721286
2.8569800000000	-10.502090681741
2.8569900000000	-10.300665970265
2.8570000000000	-10.100917448943
2.8570100000000	-9.9057240984123
2.8570200000000	-9.7149232291935
2.8570300000000	-9.5262330272241
2.8570400000000	-9.3416914863421
2.8570500000000	-9.1611616358640
2.8570600000000	-8.9831344687972
2.8570700000000	-8.8088765723909
2.8570800000000	-8.6382737806457
2.8570900000000	-8.4705239749139
2.8571000000000	-8.3061885068488
2.8571100000000	-8.1451734639547
2.8571200000000	-7.9873207547456
2.8571300000000	-7.8325497864169
2.8571400000000	-7.6807846522416
2.8571500000000	-7.5324511200447
2.8571600000000	-7.3868874099334
2.8571700000000	-7.2440336267078
2.8571800000000	-7.1048417041465
2.8571900000000	-6.9681270930891
2.8572000000000	-6.8338441271420
2.8572100000000	-6.7034155840600
2.8572200000000	-6.5751902965524
2.8572300000000	-6.4491352209921
2.8572400000000	-6.3270910134411
2.8572500000000	-6.2069937537548
2.8572600000000	-6.0888215631337
2.8572700000000	-5.9747824136733
2.8572800000000	-5.8624511283928
2.8572900000000	-5.7518156605115
2.8573000000000	-5.6454032256862
2.8573100000000	-5.5404763943268
2.8573200000000	-5.4370317261157
2.8573300000000	-5.3378702029529
2.8573400000000	-5.2399885157026
2.8573500000000	-5.1433906989028
2.8573600000000	-5.0511087259750
2.8573700000000	-4.9599170127173
2.8573800000000	-4.8698260214066
2.8573900000000	-4.7840587410983
2.8574000000000	-4.6992080275881
2.8574100000000	-4.6152898021358
2.8574200000000	-4.5356809673192
2.8574300000000	-4.4568305512778
2.8574400000000	-4.3787590403171
2.8574500000000	-4.3049630693347
2.8574600000000	-4.2317825296912
2.8574700000000	-4.1592416519548
2.8574800000000	-4.0909255585653
2.8574900000000	-4.0230966329702
2.8575000000000	-3.9557821020693
2.8575100000000	-3.8926272502254
2.8575200000000	-3.8298455382407
2.8575300000000	-3.7674665147250
2.8575400000000	-3.7091701701618
2.8575500000000	-3.6511466403137
2.8575600000000	-3.5934271949569
2.8575700000000	-3.5397038657946
2.8575800000000	-3.4861661636477
2.8575900000000	-3.4328465537904
2.8576000000000	-3.3834291299316
2.8576100000000	-3.3341227006569
2.8576200000000	-3.2849604766181
2.8576300000000	-3.2396011925041
2.8576400000000	-3.1942902452491
2.8576500000000	-3.1490612167977
2.8576600000000	-3.1075324744599
2.8576700000000	-3.0660008273932
2.8576800000000	-3.0244999311469
2.8576900000000	-2.9865950306331
2.8577000000000	-2.9486468851801
2.8577100000000	-2.9106890032096
2.8577200000000	-2.8762228362676
2.8577300000000	-2.8416835378577
2.8577400000000	-2.8071043264235
2.8577500000000	-2.7759140975223
2.8577600000000	-2.7446309484663
2.8577700000000	-2.7132877446416
2.8577800000000	-2.6852337919971
2.8577900000000	-2.6570769914880
2.8578000000000	-2.6288498754571
2.8578100000000	-2.6038166748058
2.8578200000000	-2.5786804720967
2.8578300000000	-2.5534735752374
2.8578400000000	-2.5313710219632
2.8578500000000	-2.5091751832867
2.8578600000000	-2.4869183484607
2.8578700000000	-2.4676834308101
2.8578800000000	-2.4483751399076
2.8578900000000	-2.4290260621299
2.8579000000000	-2.4126250614994
2.8579100000000	-2.3961813999082
2.8579200000000	-2.3797284052047
2.8579300000000	-2.3661597913058
2.8579400000000	-2.3525909803772
2.8579500000000	-2.3390566409579
2.8579600000000	-2.3283548730251
2.8579700000000	-2.3177085083851
2.8579800000000	-2.3071543471225
2.8579900000000	-2.2993948514042
2.8580000000000	-2.2917614269307
2.8580100000000	-2.2842940386385
2.8580200000000	-2.2795995146112
2.8580300000000	-2.2751194227312
2.8580400000000	-2.2708982380429
2.8580500000000	-2.2694477340361
2.8580600000000	-2.2683212420095
2.8580700000000	-2.2675695010958
2.8580800000000	-2.2696089118897
2.8580900000000	-2.2721078174707
2.8581000000000	-2.2751255135012
2.8581100000000	-2.2809822451832
2.8581200000000	-2.2874660605153
2.8581300000000	-2.2946478209615
2.8581400000000	-2.3047497106683
2.8581500000000	-2.3156865748695
2.8581600000000	-2.3275448082634
2.8581700000000	-2.3424448842781
2.8581800000000	-2.3584389440012
2.8581900000000	-2.3756341650847
2.8582000000000	-2.3960430517735
2.8582100000000	-2.4178703019042
2.8582200000000	-2.4412508360107
2.8582300000000	-2.4680790791040
2.8582400000000	-2.4967341472390
2.8582500000000	-2.5273879205556
2.8582600000000	-2.5618009448144
2.8582700000000	-2.5985577061874
2.8582800000000	-2.6378791711588
2.8582900000000	-2.6813677192581
2.8583000000000	-2.7278565814499
2.8583100000000	-2.7776315150507
2.8583200000000	-2.8320995807700
2.8583300000000	-2.8904028777486
2.8583400000000	-2.9529116176223
2.8583500000000	-3.0207804632988
2.8583600000000	-3.0935424980478
2.8583700000000	-3.1716752891614
2.8583800000000	-3.2559923541755
2.8583900000000	-3.3465272289929
2.8584000000000	-3.4438871053704
2.8584100000000	-3.5484038019522
2.8584200000000	-3.6607508237131
2.8584300000000	-3.7816746920530
2.8584400000000	-3.9107976806575
2.8584500000000	-4.0495951454807
2.8584600000000	-4.1989187783541
2.8584700000000	-4.3573027139150
2.8584800000000	-4.5271714321207
2.8584900000000	-4.7093289111809
2.8585000000000	-4.9005808259522
2.8585100000000	-5.1043273663808
2.8585200000000	-5.3208925492469
2.8585300000000	-5.5442827573981
2.8585400000000	-5.7785493664463
2.8585500000000	-6.0225561528635
2.8585600000000	-6.2658970916860
2.8585700000000	-6.5123097874593
2.8585800000000	-6.7575658570767
2.8585900000000	-6.9853421863831
2.8586000000000	-7.1978804976888
2.8586100000000	-7.3870055814561
2.8586200000000	-7.5323501210170
2.8586300000000	-7.6361013444437
2.8586400000000	-7.6903567113507
2.8586500000000	-7.6803630620774
2.8586600000000	-7.6138143119293
2.8586700000000	-7.4911570682981
2.8586800000000	-7.3124592209132
2.8586900000000	-7.0904738629344
2.8587000000000	-6.8328418136023
2.8587100000000	-6.5494954211321
2.8587200000000	-6.2493774944486
2.8587300000000	-5.9394920987001
2.8587400000000	-5.6307948174416
2.8587500000000	-5.3245993037654
2.8587600000000	-5.0244173411691
2.8587700000000	-4.7392536345216
2.8587800000000	-4.4650378974728
2.8587900000000	-4.2027875411899
2.8588000000000	-3.9597309277623
2.8588100000000	-3.7293996071307
2.8588200000000	-3.5116451637029
2.8588300000000	-3.3124910811374
2.8588400000000	-3.1249298225572
2.8588500000000	-2.9484180573421
2.8588600000000	-2.7881396815709
2.8588700000000	-2.6374323372530
2.8588800000000	-2.4957024643592
2.8588900000000	-2.3674904836599
2.8589000000000	-2.2468124054415
2.8589100000000	-2.1331500652194
2.8589200000000	-2.0305125411893
2.8589300000000	-1.9336619358708
2.8589400000000	-1.8421850887009
2.8589500000000	-1.7596351419930
2.8589600000000	-1.6814750226705
2.8589700000000	-1.6073895478799
2.8589800000000	-1.5405349248257
2.8589900000000	-1.4769904365957
2.8590000000000	-1.4165210846484
2.8590100000000	-1.3619363926184
2.8590200000000	-1.3098414255301
2.8590300000000	-1.2600630001489
2.8590400000000	-1.2151080713111
2.8590500000000	-1.1720241502601
2.8590600000000	-1.1306842877924
2.8590700000000	-1.0933317328293
2.8590800000000	-1.0573845829946
2.8590900000000	-1.0227499385446
2.8591000000000	-0.99144137978951
2.8591100000000	-0.96118751038170
2.8591200000000	-0.93192032506130
2.8591300000000	-0.90545332636512
2.8591400000000	-0.87977611778034
2.8591500000000	-0.85483885010151
2.8591600000000	-0.83228051421040
2.8591700000000	-0.81031115517417
2.8591800000000	-0.78889417037509
2.8591900000000	-0.76951603358492
2.8592000000000	-0.75057402897206
2.8592100000000	-0.73204123843196
2.8592200000000	-0.71527049516266
2.8592300000000	-0.69881908184651
2.8592400000000	-0.68266718180774
2.8592500000000	-0.66805017489500
2.8592600000000	-0.65366290473659
2.8592700000000	-0.63949077975061
2.8592800000000	-0.62666561341925
2.8592900000000	-0.61400123703507
2.8593000000000	-0.60148691700266
2.8593100000000	-0.59016283043715
2.8593200000000	-0.57894633681242
2.8593300000000	-0.56782956063236
2.8593400000000	-0.55777131272917
2.8593500000000	-0.54777953858415
2.8593600000000	-0.53784848640847
2.8593700000000	-0.52886446468380
2.8593800000000	-0.51991510667492
2.8593900000000	-0.51099624255237
2.8594000000000	-0.50292935117659
2.8594100000000	-0.49487252323495
2.8594200000000	-0.48682276949715
2.8594300000000	-0.47954340180075
2.8594400000000	-0.47225510612683
2.8594500000000	-0.46495577526035
2.8594600000000	-0.45835635857407
2.8594700000000	-0.45173340379511
2.8594800000000	-0.44508546273992
2.8594900000000	-0.43907619640068
2.8595000000000	-0.43303221673883
2.8595100000000	-0.42695256749479
2.8595200000000	-0.42145807187573
2.8595300000000	-0.41592038914885
2.8595400000000	-0.41033892936278
2.8595500000000	-0.40529559484011
2.8595600000000	-0.40020272966227
2.8595700000000	-0.39506001551221
2.8595800000000	-0.39041389252061
2.8595900000000	-0.38571357862183
2.8596000000000	-0.38095895563763
2.8596100000000	-0.37666406556354
2.8596200000000	-0.37231165638415
2.8596300000000	-0.36790175599355
2.8596400000000	-0.36391873134045
2.8596500000000	-0.35987591428011
2.8596600000000	-0.35577343786421
2.8596700000000	-0.35206842154411
2.8596800000000	-0.34830217489004
2.8596900000000	-0.34447490515561
2.8597000000000	-0.34101865485783
2.8597100000000	-0.33750039720905
2.8597200000000	-0.33392039027064
2.8597300000000	-0.33068754602084
2.8597400000000	-0.32739243922841
2.8597500000000	-0.32403536112347
2.8597600000000	-0.32100384339270
2.8597700000000	-0.31791021857099
2.8597800000000	-0.31475479780823
2.8597900000000	-0.31190531058934
2.8598000000000	-0.30899419328789
2.8598100000000	-0.30602176707896
2.8598200000000	-0.30333738578290
2.8598300000000	-0.30059210144758
2.8598400000000	-0.29778623794105
2.8598500000000	-0.29525206615766
2.8598600000000	-0.29265791090188
2.8598700000000	-0.29000409336367
2.8598800000000	-0.28760697578839
2.8598900000000	-0.28515094053554
2.8599000000000	-0.28263630224549
2.8599100000000	-0.28036458362028
2.8599200000000	-0.27803512204959
2.8599300000000	-0.27564822289677
2.8599400000000	-0.27349154480845
2.8599500000000	-0.27127837740397
2.8599600000000	-0.26900901491470
2.8599700000000	-0.26695814386835
2.8599800000000	-0.26485209184584
2.8599900000000	-0.26269114075375
2.8600000000000	-0.26073782218544
