#Parameters = {n=0.01; f0=2856000000; lambda=0.10496934803922; l=0.0010496934803922; LL=0.02}
#"Frequency / GHz"	"S1,1 (2) [Magnitude in dB]"
#----------------------------------------------
2.8500000000000	-0.23399497823520
2.8500100000000	-0.23554510947400
2.8500200000000	-0.23703558581895
2.8500300000000	-0.23846633679529
2.8500400000000	-0.24006919632461
2.8500500000000	-0.24160997135280
2.8500600000000	-0.24308858365865
2.8500700000000	-0.24474684622848
2.8500800000000	-0.24634046530143
2.8500900000000	-0.24786935400629
2.8501000000000	-0.24958587671078
2.8501100000000	-0.25123505929350
2.8501200000000	-0.25281680521733
2.8501300000000	-0.25459464308192
2.8501400000000	-0.25630229774435
2.8501500000000	-0.25793966185851
2.8501600000000	-0.25978208501928
2.8501700000000	-0.26155132598678
2.8501800000000	-0.26324726531989
2.8501900000000	-0.26515777798484
2.8502000000000	-0.26699194342683
2.8502100000000	-0.26874962865939
2.8502200000000	-0.27073199006550
2.8502300000000	-0.27263466232890
2.8502400000000	-0.27445749728379
2.8502500000000	-0.27651574489071
2.8502600000000	-0.27849077292171
2.8502700000000	-0.28038241618766
2.8502800000000	-0.28252089138480
2.8502900000000	-0.28457241560927
2.8503000000000	-0.28653680456598
2.8503100000000	-0.28876018120564
2.8503200000000	-0.29089266117997
2.8503300000000	-0.29293403873433
2.8503400000000	-0.29524735484996
2.8503500000000	-0.29746560003867
2.8503600000000	-0.29958854442476
2.8503700000000	-0.30199723753955
2.8503800000000	-0.30430644162449
2.8503900000000	-0.30651589967017
2.8504000000000	-0.30902584616725
2.8504100000000	-0.31143162535708
2.8504200000000	-0.31373294968368
2.8504300000000	-0.31635050876928
2.8504400000000	-0.31885894464038
2.8504500000000	-0.32125793532707
2.8504600000000	-0.32398999820242
2.8504700000000	-0.32660768569120
2.8504800000000	-0.32911063702051
2.8504900000000	-0.33196468196863
2.8505000000000	-0.33469878321755
2.8505100000000	-0.33731253621092
2.8505200000000	-0.34029669040852
2.8505300000000	-0.34315499528812
2.8505400000000	-0.34588699685201
2.8505500000000	-0.34901010584589
2.8505600000000	-0.35200110009402
2.8505700000000	-0.35485946972572
2.8505800000000	-0.35813117565246
2.8505900000000	-0.36126411772281
2.8506000000000	-0.36425772287752
2.8506100000000	-0.36768855268205
2.8506200000000	-0.37097356057086
2.8506300000000	-0.37411210197102
2.8506400000000	-0.37771356706893
2.8506500000000	-0.38116171658809
2.8506600000000	-0.38445582496177
2.8506700000000	-0.38824053403403
2.8506800000000	-0.39186397024458
2.8506900000000	-0.39532531623167
2.8507000000000	-0.39930710310478
2.8507100000000	-0.40311916690071
2.8507200000000	-0.40676058615322
2.8507300000000	-0.41095465504497
2.8507400000000	-0.41497002721876
2.8507500000000	-0.41880566306760
2.8507600000000	-0.42322875385514
2.8507700000000	-0.42746361936009
2.8507800000000	-0.43150908582698
2.8507900000000	-0.43617966244100
2.8508000000000	-0.44065189803794
2.8508100000000	-0.44492446645594
2.8508200000000	-0.44986293203299
2.8508300000000	-0.45459232105658
2.8508400000000	-0.45911113412852
2.8508500000000	-0.46434007717237
2.8508600000000	-0.46934855579773
2.8508700000000	-0.47413487361051
2.8508800000000	-0.47967935015780
2.8508900000000	-0.48499129033032
2.8509000000000	-0.49006877364359
2.8509100000000	-0.49595663128782
2.8509200000000	-0.50159916638433
2.8509300000000	-0.50699420347209
2.8509400000000	-0.51325645414791
2.8509500000000	-0.51925985453393
2.8509600000000	-0.52500193900545
2.8509700000000	-0.53167318864323
2.8509800000000	-0.53807129557083
2.8509900000000	-0.54419346395184
2.8510000000000	-0.55131240856845
2.8510100000000	-0.55814313640516
2.8510200000000	-0.56468247588193
2.8510300000000	-0.57229247538405
2.8510400000000	-0.57959839396580
2.8510500000000	-0.58659663261917
2.8510600000000	-0.59474637562190
2.8510700000000	-0.60257538669149
2.8510800000000	-0.61007958084007
2.8510900000000	-0.61882385620036
2.8511000000000	-0.62722998044270
2.8511100000000	-0.63529331642115
2.8511200000000	-0.64469390999732
2.8511300000000	-0.65373820418465
2.8511400000000	-0.66242093511310
2.8511500000000	-0.67254767358925
2.8511600000000	-0.68229930091799
2.8511700000000	-0.69166984280418
2.8511800000000	-0.70260181026962
2.8511900000000	-0.71313929110960
2.8512000000000	-0.72327550708223
2.8512100000000	-0.73510246458765
2.8512200000000	-0.74651513972687
2.8512300000000	-0.75750584641419
2.8512400000000	-0.77032988989883
2.8512500000000	-0.78271963394829
2.8512600000000	-0.79466637003698
2.8512700000000	-0.80860386796271
2.8512800000000	-0.82208709700667
2.8512900000000	-0.83510620092932
2.8513000000000	-0.85029005962896
2.8513100000000	-0.86500008440320
2.8513200000000	-0.87922513588783
2.8513300000000	-0.89580744797570
2.8513400000000	-0.91189723181047
2.8513500000000	-0.92748192064827
2.8513600000000	-0.94563705973528
2.8513700000000	-0.96328244903668
2.8513800000000	-0.98040394364342
2.8513900000000	-1.0003321766416
2.8514000000000	-1.0197356803880
2.8514100000000	-1.0385985781928
2.8514200000000	-1.0605302742350
2.8514300000000	-1.0819254772928
2.8514400000000	-1.1027664279908
2.8514500000000	-1.1269669493218
2.8514600000000	-1.1506236511967
2.8514700000000	-1.1737167512124
2.8514800000000	-1.2004921151625
2.8514900000000	-1.2267222896223
2.8515000000000	-1.2523853501638
2.8515100000000	-1.2820887500386
2.8515200000000	-1.3112534193769
2.8515300000000	-1.3398552083980
2.8515400000000	-1.3728944720601
2.8515500000000	-1.4054115794036
2.8515600000000	-1.4373801260686
2.8515700000000	-1.4742261698048
2.8515800000000	-1.5105795090501
2.8515900000000	-1.5464115327590
2.8516000000000	-1.5876078292658
2.8516100000000	-1.6283570490677
2.8516200000000	-1.6686285272901
2.8516300000000	-1.7148015435969
2.8516400000000	-1.7605931720328
2.8516500000000	-1.8059709841263
2.8516600000000	-1.8578414501352
2.8516700000000	-1.9094207819603
2.8516800000000	-1.9606752513203
2.8516900000000	-2.0190699851456
2.8517000000000	-2.0772935265595
2.8517100000000	-2.1353115232430
2.8517200000000	-2.2011753600497
2.8517300000000	-2.2670233318296
2.8517400000000	-2.3328213883208
2.8517500000000	-2.4072285365601
2.8517600000000	-2.4818166986633
2.8517700000000	-2.5565533386244
2.8517800000000	-2.6407172336395
2.8517900000000	-2.7253070295326
2.8518000000000	-2.8102932344414
2.8518100000000	-2.9055737074141
2.8518200000000	-3.0015794743789
2.8518300000000	-3.0982859631770
2.8518400000000	-3.2061923533249
2.8518500000000	-3.3151841745328
2.8518600000000	-3.4252440262172
2.8518700000000	-3.5474328283464
2.8518800000000	-3.6711336173459
2.8518900000000	-3.7963388402900
2.8519000000000	-3.9346047197201
2.8519100000000	-4.0748804569771
2.8519200000000	-4.2171715377467
2.8519300000000	-4.3734311872276
2.8519400000000	-4.5322739980136
2.8519500000000	-4.6937223706815
2.8519600000000	-4.8699918188094
2.8519700000000	-5.0494968645010
2.8519800000000	-5.2322816792394
2.8519900000000	-5.4306492678522
2.8520000000000	-5.6329881610278
2.8520100000000	-5.8393705975135
2.8520200000000	-6.0619697295911
2.8520300000000	-6.2893651224013
2.8520400000000	-6.5216654728271
2.8520500000000	-6.7706529686224
2.8520600000000	-7.0253606168972
2.8520700000000	-7.2859449064622
2.8520800000000	-7.5634917676380
2.8520900000000	-7.8477970662663
2.8521000000000	-8.1390803649219
2.8521100000000	-8.4473811889123
2.8521200000000	-8.7636161280589
2.8521300000000	-9.0880881242075
2.8521400000000	-9.4293927443802
2.8521500000000	-9.7799758078436
2.8521600000000	-10.140249926072
2.8521700000000	-10.516913239676
2.8521800000000	-10.904405841002
2.8521900000000	-11.303282689217
2.8522000000000	-11.717820070053
2.8522100000000	-12.144982048919
2.8522200000000	-12.585503664973
2.8522300000000	-13.040612141807
2.8522400000000	-13.510405647667
2.8522500000000	-13.995835909546
2.8522600000000	-14.494296845443
2.8522700000000	-15.009729500380
2.8522800000000	-15.543318716472
2.8522900000000	-16.087591224426
2.8523000000000	-16.651149726113
2.8523100000000	-17.235356765543
2.8523200000000	-17.826436112176
2.8523300000000	-18.438553129862
2.8523400000000	-19.072993124986
2.8523500000000	-19.707612309830
2.8523600000000	-20.362982865267
2.8523700000000	-21.039588298345
2.8523800000000	-21.704015632742
2.8523900000000	-22.383703086651
2.8524000000000	-23.076789186355
2.8524100000000	-23.735331764273
2.8524200000000	-24.393492321512
2.8524300000000	-25.045243227947
2.8524400000000	-25.627979241313
2.8524500000000	-26.183241106646
2.8524600000000	-26.702658485932
2.8524700000000	-27.119816318973
2.8524800000000	-27.487037683613
2.8524900000000	-27.802029481622
2.8525000000000	-28.013491323183
2.8525100000000	-28.181744822639
2.8525200000000	-28.313197154959
2.8525300000000	-28.375655153129
2.8525400000000	-28.422720121574
2.8525500000000	-28.461784433528
2.8525600000000	-28.470111243650
2.8525700000000	-28.486410901855
2.8525800000000	-28.514772652026
2.8525900000000	-28.534857100382
2.8526000000000	-28.573418184394
2.8526100000000	-28.631441286303
2.8526200000000	-28.687177750263
2.8526300000000	-28.760580883189
2.8526400000000	-28.849716521705
2.8526500000000	-28.928101962455
2.8526600000000	-29.012052758267
2.8526700000000	-29.095757059204
2.8526800000000	-29.145718411600
2.8526900000000	-29.176438816615
2.8527000000000	-29.178496559185
2.8527100000000	-29.114955562060
2.8527200000000	-29.002644289613
2.8527300000000	-28.834707735514
2.8527400000000	-28.583690766645
2.8527500000000	-28.273743598124
2.8527600000000	-27.907517857113
2.8527700000000	-27.475398566606
2.8527800000000	-27.003031953042
2.8527900000000	-26.498138210255
2.8528000000000	-25.962335469392
2.8528100000000	-25.412177198837
2.8528200000000	-24.853419861755
2.8528300000000	-24.291458237669
2.8528400000000	-23.731761036346
2.8528500000000	-23.176919069035
2.8528600000000	-22.633799432331
2.8528700000000	-22.100106307232
2.8528800000000	-21.576541336916
2.8528900000000	-21.071057516820
2.8529000000000	-20.576924189343
2.8529100000000	-20.094031027813
2.8529200000000	-19.631196679548
2.8529300000000	-19.179374805521
2.8529400000000	-18.738186379110
2.8529500000000	-18.317040930695
2.8529600000000	-17.905775370711
2.8529700000000	-17.503967965321
2.8529800000000	-17.121354891735
2.8529900000000	-16.747321318579
2.8530000000000	-16.381483789815
2.8530100000000	-16.033691298192
2.8530200000000	-15.693250441755
2.8530300000000	-15.359837602497
2.8530400000000	-15.043256181931
2.8530500000000	-14.732947120240
2.8530600000000	-14.428645889474
2.8530700000000	-14.139998677376
2.8530800000000	-13.856703279009
2.8530900000000	-13.578546356207
2.8531000000000	-13.314941038303
2.8531100000000	-13.055911773011
2.8531200000000	-12.801287236763
2.8531300000000	-12.560197908969
2.8531400000000	-12.323032916359
2.8531500000000	-12.089654578614
2.8531600000000	-11.868880083699
2.8531700000000	-11.651481530745
2.8531800000000	-11.437347884236
2.8531900000000	-11.234966009120
2.8532000000000	-11.035496695230
2.8532100000000	-10.838849927727
2.8532200000000	-10.653174989226
2.8532300000000	-10.470018899958
2.8532400000000	-10.289308231469
2.8532500000000	-10.118854445666
2.8532600000000	-9.9505829397800
2.8532700000000	-9.7844334068086
2.8532800000000	-9.6278842872042
2.8532900000000	-9.4732279265404
2.8533000000000	-9.3204144409644
2.8533100000000	-9.1765978650730
2.8533200000000	-9.0344234847229
2.8533300000000	-8.8938497380585
2.8533400000000	-8.7617167361352
2.8533500000000	-8.6310078575703
2.8533600000000	-8.5016882228919
2.8533700000000	-8.3802969094340
2.8533800000000	-8.2601389486838
2.8533900000000	-8.1411848593703
2.8534000000000	-8.0296865006604
2.8534100000000	-7.9192538527914
2.8534200000000	-7.8098618217886
2.8534300000000	-7.7074895617020
2.8534400000000	-7.6060351240028
2.8534500000000	-7.5054770013540
2.8534600000000	-7.4115365104647
2.8534700000000	-7.3183829578771
2.8534800000000	-7.2259977842426
2.8534900000000	-7.1398594302259
2.8535000000000	-7.0543918781719
2.8535100000000	-6.9695790031912
2.8535200000000	-6.8906712263536
2.8535300000000	-6.8123309945257
2.8535400000000	-6.7345442007873
2.8535500000000	-6.6623478487391
2.8535600000000	-6.5906271033281
2.8535700000000	-6.5193695347071
2.8535800000000	-6.4534129659561
2.8535900000000	-6.3878500684598
2.8536000000000	-6.3226698077901
2.8536100000000	-6.2625246179192
2.8536200000000	-6.2027000483916
2.8536300000000	-6.1431862253280
2.8536400000000	-6.0884634834098
2.8536500000000	-6.0339962368382
2.8536600000000	-5.9797755746692
2.8536700000000	-5.9301224836500
2.8536800000000	-5.8806668616201
2.8536900000000	-5.8314005928778
2.8537000000000	-5.7864975075556
2.8537100000000	-5.7417402452398
2.8537200000000	-5.6971213420876
2.8537300000000	-5.6566790931793
2.8537400000000	-5.6163367750922
2.8537500000000	-5.5760874524298
2.8537600000000	-5.5398449365274
2.8537700000000	-5.5036616645632
2.8537800000000	-5.4675311227488
2.8537900000000	-5.4352531262263
2.8538000000000	-5.4029984108807
2.8538100000000	-5.3707607916309
2.8538200000000	-5.3422360228320
2.8538300000000	-5.3137028740898
2.8538400000000	-5.2851554079724
2.8538500000000	-5.2601947165716
2.8538600000000	-5.2351979150058
2.8538700000000	-5.2101592426109
2.8538800000000	-5.1885940084783
2.8538900000000	-5.1669685401329
2.8539000000000	-5.1452771916482
2.8539100000000	-5.1269578681026
2.8539200000000	-5.1085575090370
2.8539300000000	-5.0900705290112
2.8539400000000	-5.0748653272810
2.8539500000000	-5.0595613653491
2.8539600000000	-5.0441530709116
2.8539700000000	-5.0319467741250
2.8539800000000	-5.0196268569029
2.8539900000000	-5.0071877189271
2.8540000000000	-4.9978806150907
2.8540100000000	-4.9884477139043
2.8540200000000	-4.9788833515149
2.8540300000000	-4.9723902759027
2.8540400000000	-4.9657617567630
2.8540500000000	-4.9589920363576
2.8540600000000	-4.9552415144665
2.8540700000000	-4.9513483073992
2.8540800000000	-4.9473065379873
2.8540900000000	-4.9462400208851
2.8541000000000	-4.9450258797442
2.8541100000000	-4.9436580969488
2.8541200000000	-4.9452292813663
2.8541300000000	-4.9466501267221
2.8541400000000	-4.9479144582590
2.8541500000000	-4.9520886842683
2.8541600000000	-4.9561120224075
2.8541700000000	-4.9599781282693
2.8541800000000	-4.9667318478049
2.8541900000000	-4.9733362592721
2.8542000000000	-4.9797848402142
2.8542100000000	-4.9891051500682
2.8542200000000	-4.9982798415290
2.8542300000000	-5.0073022097872
2.8542400000000	-5.0191864430356
2.8542500000000	-5.0309308565537
2.8542600000000	-5.0425285630121
2.8542700000000	-5.0569839331359
2.8542800000000	-5.0713074072416
2.8542900000000	-5.0854919195421
2.8543000000000	-5.1025352117641
2.8543100000000	-5.1194566889421
2.8543200000000	-5.1362491152720
2.8543300000000	-5.1559064198848
2.8543400000000	-5.1754541953430
2.8543500000000	-5.1948850488510
2.8543600000000	-5.2171915315287
2.8543700000000	-5.2394030383415
2.8543800000000	-5.2615120373638
2.8543900000000	-5.2865117416805
2.8544000000000	-5.3114333675880
2.8544100000000	-5.3362692670489
2.8544200000000	-5.3640149446288
2.8544300000000	-5.3917018760196
2.8544400000000	-5.4193223256168
2.8544500000000	-5.4498752895744
2.8544600000000	-5.4803913783766
2.8544700000000	-5.5108628033530
2.8544800000000	-5.5442928009352
2.8544900000000	-5.5777104504088
2.8545000000000	-5.6111079510126
2.8545100000000	-5.6474930516034
2.8545200000000	-5.6838931173111
2.8545300000000	-5.7203003833096
2.8545400000000	-5.7597268783294
2.8545500000000	-5.7991985809116
2.8545600000000	-5.8387078179017
2.8545700000000	-5.8812701294807
2.8545800000000	-5.9239109762587
2.8545900000000	-5.9666228409653
2.8546000000000	-6.0124234367672
2.8546100000000	-6.0583391496976
2.8546200000000	-6.1043626919362
2.8546300000000	-6.1535120040558
2.8546400000000	-6.2028164521870
2.8546500000000	-6.2522690618640
2.8546600000000	-6.3048854084206
2.8546700000000	-6.3577005436581
2.8546800000000	-6.4107079018714
2.8546900000000	-6.4669174106891
2.8547000000000	-6.5233732066068
2.8547100000000	-6.5800692408944
2.8547200000000	-6.6400060547967
2.8547300000000	-6.7002407336698
2.8547400000000	-6.7607678683961
2.8547500000000	-6.8245732542148
2.8547600000000	-6.8887323984338
2.8547700000000	-6.9532406700832
2.8547800000000	-7.0210637609889
2.8547900000000	-7.0893010908809
2.8548000000000	-7.1579489636893
2.8548100000000	-7.2299464423866
2.8548200000000	-7.3024235173408
2.8548300000000	-7.3753776045976
2.8548400000000	-7.4517136665524
2.8548500000000	-7.5285998744786
2.8548600000000	-7.6060349569587
2.8548700000000	-7.6868812969260
2.8548800000000	-7.7683538710321
2.8548900000000	-7.8504529472098
2.8549000000000	-7.9359887779508
2.8549100000000	-8.0222328505734
2.8549200000000	-8.1091872292457
2.8549300000000	-8.1995993431139
2.8549400000000	-8.2908080481268
2.8549500000000	-8.3828174959205
2.8549600000000	-8.4783003818188
2.8549700000000	-8.5746750190923
2.8549800000000	-8.6719479774768
2.8549900000000	-8.7727040073729
2.8550000000000	-8.8744542846384
2.8550100000000	-8.9772081728903
2.8550200000000	-9.0834478739107
2.8550300000000	-9.1907922431149
2.8550400000000	-9.2992538657666
2.8550500000000	-9.4111962953324
2.8550600000000	-9.5243624023543
2.8550700000000	-9.6387684813828
2.8550800000000	-9.7566417243421
2.8550900000000	-9.8758669923894
2.8551000000000	-9.9964648460815
2.8551100000000	-10.120506653960
2.8551200000000	-10.246039022372
2.8551300000000	-10.373087414483
2.8551400000000	-10.503546007926
2.8551500000000	-10.635644849177
2.8551600000000	-10.769415033139
2.8551700000000	-10.906550089312
2.8551800000000	-11.045487328023
2.8551900000000	-11.186264312379
2.8552000000000	-11.330348159522
2.8552100000000	-11.476409617841
2.8552200000000	-11.624493679842
2.8552300000000	-11.775812721354
2.8552400000000	-11.929299715600
2.8552500000000	-12.085008191059
2.8552600000000	-12.243864581201
2.8552700000000	-12.405095794955
2.8552800000000	-12.568765172894
2.8552900000000	-12.735478765995
2.8553000000000	-12.904792424715
2.8553100000000	-13.076780776251
2.8553200000000	-13.251691370332
2.8553300000000	-13.429447742542
2.8553400000000	-13.610137513792
2.8553500000000	-13.793607408536
2.8553600000000	-13.980191658010
2.8553700000000	-14.169992857102
2.8553800000000	-14.362409744412
2.8553900000000	-14.558235156948
2.8554000000000	-14.757588965515
2.8554100000000	-14.959369168566
2.8554200000000	-15.164880775336
2.8554300000000	-15.374263614044
2.8554400000000	-15.585855687432
2.8554500000000	-15.801534304620
2.8554600000000	-16.021462381384
2.8554700000000	-16.243351080368
2.8554800000000	-16.469717780760
2.8554900000000	-16.700752147428
2.8555000000000	-16.933462767616
2.8555100000000	-17.171083794602
2.8555200000000	-17.413835934008
2.8555300000000	-17.657939014218
2.8555400000000	-17.907431140437
2.8555500000000	-18.162569098996
2.8555600000000	-18.418685468808
2.8555700000000	-18.680721791927
2.8555800000000	-18.948976864509
2.8555900000000	-19.217783004882
2.8556000000000	-19.493099161002
2.8556100000000	-19.775273125293
2.8556200000000	-20.057506798381
2.8556300000000	-20.346907563658
2.8556400000000	-20.643880453923
2.8556500000000	-20.940346552721
2.8556600000000	-21.244712802996
2.8556700000000	-21.557451219131
2.8556800000000	-21.869027803348
2.8556900000000	-22.189323827332
2.8557000000000	-22.518889813289
2.8557100000000	-22.846534364026
2.8557200000000	-23.183815613870
2.8557300000000	-23.531376255644
2.8557400000000	-23.876132355405
2.8557500000000	-24.231553937561
2.8557600000000	-24.598392107830
2.8557700000000	-24.961397140284
2.8557800000000	-25.336223830943
2.8557900000000	-25.723751106997
2.8558000000000	-26.106246364341
2.8558100000000	-26.501865906923
2.8558200000000	-26.911639894424
2.8558300000000	-27.314985998776
2.8558400000000	-27.732929295695
2.8558500000000	-28.166679883377
2.8558600000000	-28.592383163911
2.8558700000000	-29.034358295288
2.8558800000000	-29.494031463321
2.8558900000000	-29.943791493244
2.8559000000000	-30.411743976996
2.8559100000000	-30.899578508227
2.8559200000000	-31.375373709149
2.8559300000000	-31.871593263117
2.8559400000000	-32.390255157268
2.8559500000000	-32.894490579530
2.8559600000000	-33.421792227205
2.8559700000000	-33.974599893999
2.8559800000000	-34.510339772123
2.8559900000000	-35.072341058276
2.8560000000000	-35.663602367072
2.8560100000000	-36.234866000835
2.8560200000000	-36.836313128765
2.8560300000000	-37.471691924880
2.8560400000000	-38.083573423432
2.8560500000000	-38.730348992332
2.8560600000000	-39.416710999925
2.8560700000000	-40.074301155570
2.8560800000000	-40.771580778945
2.8560900000000	-41.514029542622
2.8561000000000	-42.216248260093
2.8561100000000	-42.959036146758
2.8561200000000	-43.746570869790
2.8561300000000	-44.461835320680
2.8561400000000	-45.199448206651
2.8561500000000	-45.953960932142
2.8561600000000	-46.548562122075
2.8561700000000	-47.096002679125
2.8561800000000	-47.573995070393
2.8561900000000	-47.782982495074
2.8562000000000	-47.867305289242
2.8562100000000	-47.722433183386
2.8562200000000	-47.337589831964
2.8562300000000	-46.892590182377
2.8562400000000	-46.415242296224
2.8562500000000	-45.760619327037
2.8562600000000	-45.138703610868
2.8562700000000	-44.554527127156
2.8562800000000	-43.880698104903
2.8562900000000	-43.267820561166
2.8563000000000	-42.709578934000
2.8563100000000	-42.097720664948
2.8563200000000	-41.545864062585
2.8563300000000	-41.046320539868
2.8563400000000	-40.508704860258
2.8563500000000	-40.023875321079
2.8563600000000	-39.585276805158
2.8563700000000	-39.117007261838
2.8563800000000	-38.694427184192
2.8563900000000	-38.312326446710
2.8564000000000	-37.906240956474
2.8564100000000	-37.540064663823
2.8564200000000	-37.209698257936
2.8564300000000	-36.859799584211
2.8564400000000	-36.545318318156
2.8564500000000	-36.263018025722
2.8564600000000	-35.964947837297
2.8564700000000	-35.698858631310
2.8564800000000	-35.462187301960
2.8564900000000	-35.213049085880
2.8565000000000	-34.993298527412
2.8565100000000	-34.800910330467
2.8565200000000	-34.599010904351
2.8565300000000	-34.424586733570
2.8565400000000	-34.276052577090
2.8565500000000	-34.120662914221
2.8565600000000	-33.991385739033
2.8565700000000	-33.886998728880
2.8565800000000	-33.778091757759
2.8565900000000	-33.694344143457
2.8566000000000	-33.634818681350
2.8566100000000	-33.572652803166
2.8566200000000	-33.534882007971
2.8566300000000	-33.520739090390
2.8566400000000	-33.505009310046
2.8566500000000	-33.512650940840
2.8566600000000	-33.542839348333
2.8566700000000	-33.570809189488
2.8566800000000	-33.619888220171
2.8566900000000	-33.688704622338
2.8567000000000	-33.751152863098
2.8567100000000	-33.829152215524
2.8567200000000	-33.919808235613
2.8567300000000	-33.993015121018
2.8567400000000	-34.069280237037
2.8567500000000	-34.142790721265
2.8567600000000	-34.176535507354
2.8567700000000	-34.190420974949
2.8567800000000	-34.175720344015
2.8567900000000	-34.089165198301
2.8568000000000	-33.954901388208
2.8568100000000	-33.766666556600
2.8568200000000	-33.483842525934
2.8568300000000	-33.142454176139
2.8568400000000	-32.745544109946
2.8568500000000	-32.263373282143
2.8568600000000	-31.740837703278
2.8568700000000	-31.186477987592
2.8568800000000	-30.577890442579
2.8568900000000	-29.956663903555
2.8569000000000	-29.329303418296
2.8569100000000	-28.675682226376
2.8569200000000	-28.028284595491
2.8569300000000	-27.389946004429
2.8569400000000	-26.742148093001
2.8569500000000	-26.109078561182
2.8569600000000	-25.491290150814
2.8569700000000	-24.872553948079
2.8569800000000	-24.270971479680
2.8569900000000	-23.686100192008
2.8570000000000	-23.104337605323
2.8570100000000	-22.539404499170
2.8570200000000	-21.990539980229
2.8570300000000	-21.446720260390
2.8570400000000	-20.918375364963
2.8570500000000	-20.404715834893
2.8570600000000	-19.897085902518
2.8570700000000	-19.403308838825
2.8570800000000	-18.922672945408
2.8570900000000	-18.448647895523
2.8571000000000	-17.986894667744
2.8571100000000	-17.536808139609
2.8571200000000	-17.093759354128
2.8571300000000	-16.661551030672
2.8571400000000	-16.239683273237
2.8571500000000	-15.825235208221
2.8571600000000	-15.420371195237
2.8571700000000	-15.024684927744
2.8571800000000	-14.636799012335
2.8571900000000	-14.257407866720
2.8572000000000	-13.886184818604
2.8572100000000	-13.523153730273
2.8572200000000	-13.167675803264
2.8572300000000	-12.819490699956
2.8572400000000	-12.479897035966
2.8572500000000	-12.147040405375
2.8572600000000	-11.820715095504
2.8572700000000	-11.503377980723
2.8572800000000	-11.192065838970
2.8572900000000	-10.886617604595
2.8573000000000	-10.590537496547
2.8573100000000	-10.299855019014
2.8573200000000	-10.014445376820
2.8573300000000	-9.7387516756383
2.8573400000000	-9.4678961013885
2.8573500000000	-9.2017831600969
2.8573600000000	-8.9456869324762
2.8573700000000	-8.6939228633695
2.8573800000000	-8.4464190147195
2.8573900000000	-8.2091722503145
2.8574000000000	-7.9757934973800
2.8574100000000	-7.7462296975135
2.8574200000000	-7.5270921219642
2.8574300000000	-7.3113910849188
2.8574400000000	-7.0990886676238
2.8574500000000	-6.8973028193365
2.8574600000000	-6.6985480514477
2.8574700000000	-6.5027986579636
2.8574800000000	-6.3175735294974
2.8574900000000	-6.1349957000377
2.8575000000000	-5.9550494389901
2.8575100000000	-5.7855524692194
2.8575200000000	-5.6183384003031
2.8575300000000	-5.4533998007092
2.8575400000000	-5.2987564447696
2.8575500000000	-5.1460503444857
2.8575600000000	-4.9952811210428
2.8575700000000	-4.8545807214517
2.8575800000000	-4.7154912627121
2.8575900000000	-4.5780184762956
2.8576000000000	-4.4503248031755
2.8576100000000	-4.3239363911321
2.8576200000000	-4.1988643315734
2.8576300000000	-4.0832290098036
2.8576400000000	-3.9686154844945
2.8576500000000	-3.8550395589965
2.8576600000000	-3.7505166639205
2.8576700000000	-3.6467557939007
2.8576800000000	-3.5437768552656
2.8576900000000	-3.4494371989516
2.8577000000000	-3.3556245903250
2.8577100000000	-3.2623624321822
2.8577200000000	-3.1773064151399
2.8577300000000	-3.0925678221767
2.8577400000000	-3.0081729346694
2.8577500000000	-2.9315412311493
2.8577600000000	-2.8550426388452
2.8577700000000	-2.7787056918278
2.8577800000000	-2.7096874086728
2.8577900000000	-2.6406426095039
2.8578000000000	-2.5716014609357
2.8578100000000	-2.5094397185595
2.8578200000000	-2.4471153886692
2.8578300000000	-2.3846596741538
2.8578400000000	-2.3286547839525
2.8578500000000	-2.2723732648612
2.8578600000000	-2.2158468015728
2.8578700000000	-2.1653573556325
2.8578800000000	-2.1144974680188
2.8578900000000	-2.0632988072698
2.8579000000000	-2.0177410647014
2.8579100000000	-1.9717373339524
2.8579200000000	-1.9253188359587
2.8579300000000	-1.8841648028424
2.8579400000000	-1.8425054790033
2.8579500000000	-1.8003712777979
2.8579600000000	-1.7631458523282
2.8579700000000	-1.7253700768843
2.8579800000000	-1.6870732692388
2.8579900000000	-1.6533507764476
2.8580000000000	-1.6190452001453
2.8580100000000	-1.5841845432885
2.8580200000000	-1.5535848420569
2.8580300000000	-1.5223798623746
2.8580400000000	-1.4905961361206
2.8580500000000	-1.4627809471131
2.8580600000000	-1.4343471725522
2.8580700000000	-1.4053197728678
2.8580800000000	-1.3799884776562
2.8580900000000	-1.3540327074172
2.8581000000000	-1.3274757982962
2.8581100000000	-1.3043617599193
2.8581200000000	-1.2806234663626
2.8581300000000	-1.2562826161181
2.8581400000000	-1.2351496080502
2.8581500000000	-1.2133975287617
2.8581600000000	-1.1910464574057
2.8581700000000	-1.1716853463740
2.8581800000000	-1.1517143208870
2.8581900000000	-1.1311518836508
2.8582000000000	-1.1133775883109
2.8582100000000	-1.0950056585580
2.8582200000000	-1.0760530818371
2.8582300000000	-1.0597018130684
2.8582400000000	-1.0427675918119
2.8582500000000	-1.0252659643774
2.8582600000000	-1.0101927416859
2.8582700000000	-0.99455304299526
2.8582800000000	-0.97836105605412
2.8582900000000	-0.96443748711200
2.8583000000000	-0.94996520617057
2.8583100000000	-0.93495712979423
2.8583200000000	-0.92206943564896
2.8583300000000	-0.90865166116790
2.8583400000000	-0.89471554102560
2.8583500000000	-0.88276280708872
2.8583600000000	-0.87029914747184
2.8583700000000	-0.85733520391501
2.8583800000000	-0.84622783600395
2.8583900000000	-0.83462893966534
2.8584000000000	-0.82254815064304
2.8584100000000	-0.81220651549820
2.8584200000000	-0.80139276596089
2.8584300000000	-0.79011561547976
2.8584400000000	-0.78046884602105
2.8584500000000	-0.77036921322767
2.8584600000000	-0.75982458787673
2.8584700000000	-0.75080953473166
2.8584800000000	-0.74136056520258
2.8584900000000	-0.73148478239696
2.8585000000000	-0.72304509469608
2.8585100000000	-0.71419002453493
2.8585200000000	-0.70492597743897
2.8585300000000	-0.69701129744437
2.8585400000000	-0.68869927368461
2.8585500000000	-0.67999567915453
2.8585600000000	-0.67256093683892
2.8585700000000	-0.66474633405119
2.8585800000000	-0.65655707129284
2.8585900000000	-0.64956186650175
2.8586000000000	-0.64220368701020
2.8586100000000	-0.63448721597819
2.8586200000000	-0.62789527719823
2.8586300000000	-0.62095662455923
2.8586400000000	-0.61367547433196
2.8586500000000	-0.60745418439944
2.8586600000000	-0.60090180100010
2.8586700000000	-0.59402211951319
2.8586800000000	-0.58814209976324
2.8586900000000	-0.58194596050761
2.8587000000000	-0.57543711804773
2.8587100000000	-0.56987186345681
2.8587200000000	-0.56400481848463
2.8587300000000	-0.55783905827142
2.8587400000000	-0.55256461709248
2.8587500000000	-0.54700207736425
2.8587600000000	-0.54115420737227
2.8587700000000	-0.53614889958671
2.8587800000000	-0.53086855993592
2.8587900000000	-0.52531568083850
2.8588000000000	-0.52055985048215
2.8588100000000	-0.51554144543694
2.8588200000000	-0.51026271019914
2.8588300000000	-0.50573850725907
2.8588400000000	-0.50096359552386
2.8588500000000	-0.49593999673587
2.8588600000000	-0.49163118487675
2.8588700000000	-0.48708295890269
2.8588800000000	-0.48229714044695
2.8588900000000	-0.47818892731128
2.8589000000000	-0.47385204483887
2.8589100000000	-0.46928813490971
2.8589200000000	-0.46536702216229
2.8589300000000	-0.46122745702424
2.8589400000000	-0.45687091990464
2.8589500000000	-0.45312457056254
2.8589600000000	-0.44916948038008
2.8589700000000	-0.44500698470976
2.8589800000000	-0.44142410561438
2.8589900000000	-0.43764171432969
2.8590000000000	-0.43366101588083
2.8590100000000	-0.43023125345170
2.8590200000000	-0.42661074689953
2.8590300000000	-0.42280058413344
2.8590400000000	-0.41951443178175
2.8590500000000	-0.41604586473105
2.8590600000000	-0.41239586562215
2.8590700000000	-0.40924458141121
2.8590800000000	-0.40591879471113
2.8590900000000	-0.40241939351851
2.8591000000000	-0.39939492683953
2.8591100000000	-0.39620347347391
2.8591200000000	-0.39284583629886
2.8591300000000	-0.38994076248782
2.8591400000000	-0.38687584149325
2.8591500000000	-0.38365179961340
2.8591600000000	-0.38085926157025
2.8591700000000	-0.37791365890357
2.8591800000000	-0.37481564899083
2.8591900000000	-0.37212930498068
2.8592000000000	-0.36929634053601
2.8592100000000	-0.36631735097958
2.8592200000000	-0.36373132789985
2.8592300000000	-0.36100480797118
2.8592400000000	-0.35813833062117
2.8592500000000	-0.35564718210373
2.8592600000000	-0.35302135667899
2.8592700000000	-0.35026134340541
2.8592800000000	-0.34786001220499
2.8592900000000	-0.34532953655040
2.8593000000000	-0.34267036008916
2.8593100000000	-0.34035414427330
2.8593200000000	-0.33791404433008
2.8593300000000	-0.33535046294646
2.8593400000000	-0.33311498546298
2.8593500000000	-0.33076062663966
2.8593600000000	-0.32828775219937
2.8593700000000	-0.32612893344709
2.8593800000000	-0.32385599243692
2.8593900000000	-0.32146926151686
2.8594000000000	-0.31938329459133
2.8594100000000	-0.31718773388956
2.8594200000000	-0.31488288161023
2.8594300000000	-0.31286620993374
2.8594400000000	-0.31074425476653
2.8594500000000	-0.30851729105735
2.8594600000000	-0.30656658813795
2.8594700000000	-0.30451470554908
2.8594800000000	-0.30236189359688
2.8594900000000	-0.30047404469027
2.8595000000000	-0.29848892455970
2.8595100000000	-0.29640676121435
2.8595200000000	-0.29457884668824
2.8595300000000	-0.29265738448292
2.8595400000000	-0.29064258242276
2.8595500000000	-0.28887186264668
2.8595600000000	-0.28701114372747
2.8595700000000	-0.28506061520594
2.8595800000000	-0.28334451681034
2.8595900000000	-0.28154180213600
2.8596000000000	-0.27965264415325
2.8596100000000	-0.27798874751731
2.8596200000000	-0.27624146060686
2.8596300000000	-0.27441094136628
2.8596400000000	-0.27279696921126
2.8596500000000	-0.27110268423954
2.8596600000000	-0.26932823076211
2.8596700000000	-0.26776203774015
2.8596800000000	-0.26611846865564
2.8596900000000	-0.26439765544297
2.8597000000000	-0.26287721862306
2.8597100000000	-0.26128220918883
2.8597200000000	-0.25961274783279
2.8597300000000	-0.25813615799589
2.8597400000000	-0.25658767266508
2.8597500000000	-0.25496740231558
2.8597600000000	-0.25353285598231
2.8597700000000	-0.25202897152909
2.8597800000000	-0.25045585013985
2.8597900000000	-0.24906164225891
2.8598000000000	-0.24760054009326
2.8598100000000	-0.24607263637349
2.8598200000000	-0.24471715360972
2.8598300000000	-0.24329711271408
2.8598400000000	-0.24181259872121
2.8598500000000	-0.24049431328739
2.8598600000000	-0.23911370371627
2.8598700000000	-0.23767084803222
2.8598800000000	-0.23638831201346
2.8598900000000	-0.23504558890587
2.8599000000000	-0.23364275034484
2.8599100000000	-0.23239459047141
2.8599200000000	-0.23108828852989
2.8599300000000	-0.22972391032934
2.8599400000000	-0.22850882315714
2.8599500000000	-0.22723755155155
2.8599600000000	-0.22591015600565
2.8599700000000	-0.22472690346791
2.8599800000000	-0.22348934112697
2.8599900000000	-0.22219752462289
2.8600000000000	-0.22104492992001
