#Parameters = {n=0.01; f0=2856000000; lambda=0.10496934803922; l=0.0010496934803922; LL=0.04}
#"Frequency / GHz"	"S1,1 (4) [Magnitude in dB]"
#----------------------------------------------
2.8500000000000	-0.25805418999696
2.8500100000000	-0.26005881302062
2.8500200000000	-0.26199774599952
2.8500300000000	-0.26387069698794
2.8500400000000	-0.26596040560269
2.8500500000000	-0.26798168589737
2.8500600000000	-0.26993421957286
2.8500700000000	-0.27211455074898
2.8500800000000	-0.27422357491338
2.8500900000000	-0.27626094477586
2.8501000000000	-0.27853792431538
2.8501100000000	-0.28074057050803
2.8501200000000	-0.28286850415302
2.8501300000000	-0.28524870102601
2.8501400000000	-0.28755138320120
2.8501500000000	-0.28977613633540
2.8501600000000	-0.29226672426514
2.8501700000000	-0.29467645368186
2.8501800000000	-0.29700487152430
2.8501900000000	-0.29961369894737
2.8502000000000	-0.30213815414897
2.8502100000000	-0.30457774139162
2.8502200000000	-0.30731341111569
2.8502300000000	-0.30996101772759
2.8502400000000	-0.31252001843764
2.8502500000000	-0.31539197855460
2.8502600000000	-0.31817200050287
2.8502700000000	-0.32085948960374
2.8502800000000	-0.32387813750316
2.8502900000000	-0.32680078154274
2.8503000000000	-0.32962676981347
2.8503100000000	-0.33280357148079
2.8503200000000	-0.33588010728111
2.8503300000000	-0.33885566218454
2.8503400000000	-0.34220328938441
2.8503500000000	-0.34544618784918
2.8503600000000	-0.34858357294313
2.8503700000000	-0.35211606138078
2.8503800000000	-0.35553915439506
2.8503900000000	-0.35885199061971
2.8504000000000	-0.36258492278974
2.8504100000000	-0.36620358822530
2.8504200000000	-0.36970704102342
2.8504300000000	-0.37365775818156
2.8504400000000	-0.37748913475274
2.8504500000000	-0.38120013177776
2.8504600000000	-0.38538798037881
2.8504700000000	-0.38945121789592
2.8504800000000	-0.39338870305339
2.8504900000000	-0.39783532209947
2.8505000000000	-0.40215187380630
2.8505100000000	-0.40633710458186
2.8505200000000	-0.41106676167399
2.8505300000000	-0.41566072679423
2.8505400000000	-0.42011762331595
2.8505500000000	-0.42515760887670
2.8505600000000	-0.43005613523661
2.8505700000000	-0.43481169136273
2.8505800000000	-0.44019278254898
2.8505900000000	-0.44542654131857
2.8506000000000	-0.45051131033220
2.8506100000000	-0.45626831871976
2.8506200000000	-0.46187206601538
2.8506300000000	-0.46732073635547
2.8506400000000	-0.47349315663552
2.8506500000000	-0.47950640007580
2.8506600000000	-0.48535848007999
2.8506700000000	-0.49199126097776
2.8506800000000	-0.49845905348674
2.8506900000000	-0.50475968857230
2.8507000000000	-0.51190415212571
2.8507100000000	-0.51887804051537
2.8507200000000	-0.52567899179391
2.8507300000000	-0.53339393333026
2.8507400000000	-0.54093309579940
2.8507500000000	-0.54829391613548
2.8507600000000	-0.55664692505895
2.8507700000000	-0.56481954002188
2.8507800000000	-0.57280899238478
2.8507900000000	-0.58187804367720
2.8508000000000	-0.59076294280718
2.8508100000000	-0.59946071693698
2.8508200000000	-0.60933609562083
2.8508300000000	-0.61902476719853
2.8508400000000	-0.62852356472636
2.8508500000000	-0.63931020111349
2.8508600000000	-0.64990922645960
2.8508700000000	-0.66031730253656
2.8508800000000	-0.67213761578545
2.8508900000000	-0.68377164270623
2.8509000000000	-0.69521591485933
2.8509100000000	-0.70821328719372
2.8509200000000	-0.72102867106075
2.8509300000000	-0.73365853470310
2.8509400000000	-0.74800157002027
2.8509500000000	-0.76217084684764
2.8509600000000	-0.77616287316196
2.8509700000000	-0.79205063313795
2.8509800000000	-0.80777803142240
2.8509900000000	-0.82334176900420
2.8510000000000	-0.84101022911571
2.8510100000000	-0.85853848031457
2.8510200000000	-0.87592363912654
2.8510300000000	-0.89565366818123
2.8510400000000	-0.91527244150065
2.8510500000000	-0.93477780854256
2.8510600000000	-0.95690505031575
2.8510700000000	-0.97896141808981
2.8510800000000	-1.0009459407821
2.8510900000000	-1.0258730666576
2.8511000000000	-1.0507845032719
2.8511100000000	-1.0756810800526
2.8511200000000	-1.1038929872120
2.8511300000000	-1.1321635169438
2.8511400000000	-1.1604961542947
2.8511500000000	-1.1925788022580
2.8511600000000	-1.2248190358916
2.8511700000000	-1.2572241618855
2.8511800000000	-1.2938878624591
2.8511900000000	-1.3308397884700
2.8512000000000	-1.3680926423862
2.8512100000000	-1.4102007260779
2.8512200000000	-1.4527682276826
2.8512300000000	-1.4958153471089
2.8512400000000	-1.5444191869971
2.8512500000000	-1.5937052995182
2.8512600000000	-1.6437041519249
2.8512700000000	-1.7000854711635
2.8512800000000	-1.7574373024039
2.8512900000000	-1.8158039737758
2.8513000000000	-1.8815250907719
2.8513100000000	-1.9485869809437
2.8513200000000	-2.0170524042061
2.8513300000000	-2.0940144166322
2.8513400000000	-2.1727891303995
2.8513500000000	-2.2534634060417
2.8513600000000	-2.3439710421431
2.8513700000000	-2.4368872995574
2.8513800000000	-2.5323299403898
2.8513900000000	-2.6391595875495
2.8514000000000	-2.7491417010623
2.8514100000000	-2.8624327447929
2.8514200000000	-2.9888965914925
2.8514300000000	-3.1194279474103
2.8514400000000	-3.2542303614818
2.8514500000000	-3.4042241612422
2.8514600000000	-3.5593902250426
2.8514700000000	-3.7199872773595
2.8514800000000	-3.8980012636083
2.8514900000000	-4.0824888481910
2.8515000000000	-4.2737700553090
2.8515100000000	-4.4848305165671
2.8515200000000	-4.7038461755268
2.8515300000000	-4.9311991919957
2.8515400000000	-5.1806879096208
2.8515500000000	-5.4397334694485
2.8515600000000	-5.7087683522178
2.8515700000000	-6.0020261872484
2.8515800000000	-6.3064165495507
2.8515900000000	-6.6223798754285
2.8516000000000	-6.9639071067069
2.8516100000000	-7.3177917766230
2.8516200000000	-7.6843650081501
2.8516300000000	-8.0762128685607
2.8516400000000	-8.4805788997306
2.8516500000000	-8.8973899627633
2.8516600000000	-9.3358785781123
2.8516700000000	-9.7844516019824
2.8516800000000	-10.241966061163
2.8516900000000	-10.711177875571
2.8517000000000	-11.182499236493
2.8517100000000	-11.652538224520
2.8517200000000	-12.113372298274
2.8517300000000	-12.558869923912
2.8517400000000	-12.982547117163
2.8517500000000	-13.363226679871
2.8517600000000	-13.702473261606
2.8517700000000	-13.993600363679
2.8517800000000	-14.207798252419
2.8517900000000	-14.362309281303
2.8518000000000	-14.457470546728
2.8518100000000	-14.469114586698
2.8518200000000	-14.430618050762
2.8518300000000	-14.349580370350
2.8518400000000	-14.209858004746
2.8518500000000	-14.047195483109
2.8518600000000	-13.868812375655
2.8518700000000	-13.662590192809
2.8518800000000	-13.455696749695
2.8518900000000	-13.251603306998
2.8519000000000	-13.040668522295
2.8519100000000	-12.840183843152
2.8519200000000	-12.650924944380
2.8519300000000	-12.465951146112
2.8519400000000	-12.295134253756
2.8519500000000	-12.138060036111
2.8519600000000	-11.990481980792
2.8519700000000	-11.857340307599
2.8519800000000	-11.737879780455
2.8519900000000	-11.630129249312
2.8520000000000	-11.535881746141
2.8520100000000	-11.454402226074
2.8520200000000	-11.385423618467
2.8520300000000	-11.328801360587
2.8520400000000	-11.283947558662
2.8520500000000	-11.251733208555
2.8520600000000	-11.230919231810
2.8520700000000	-11.221097944956
2.8520800000000	-11.223765471255
2.8520900000000	-11.237214507319
2.8521000000000	-11.261219609183
2.8521100000000	-11.297437829732
2.8521200000000	-11.344199974996
2.8521300000000	-11.401459781343
2.8521400000000	-11.470596040136
2.8521500000000	-11.550428441771
2.8521600000000	-11.641091875707
2.8521700000000	-11.743240941288
2.8521800000000	-11.856626843265
2.8521900000000	-11.981575912946
2.8522000000000	-12.117529336065
2.8522100000000	-12.265642411462
2.8522200000000	-12.426450688815
2.8522300000000	-12.597602115479
2.8522400000000	-12.782194076403
2.8522500000000	-12.980990091927
2.8522600000000	-13.189109320247
2.8522700000000	-13.412226034575
2.8522800000000	-13.651331779496
2.8522900000000	-13.898027324977
2.8523000000000	-14.161313872507
2.8523100000000	-14.442339961087
2.8523200000000	-14.727790931807
2.8523300000000	-15.030834332697
2.8523400000000	-15.352505127814
2.8523500000000	-15.672544801840
2.8523600000000	-16.009074506981
2.8523700000000	-16.362274679658
2.8523800000000	-16.702081757674
2.8523900000000	-17.051971365380
2.8524000000000	-17.409708511990
2.8524100000000	-17.732220133598
2.8524200000000	-18.048124593094
2.8524300000000	-18.350931260134
2.8524400000000	-18.584510043938
2.8524500000000	-18.783186930799
2.8524600000000	-18.938020282156
2.8524700000000	-18.990816110249
2.8524800000000	-18.984885462092
2.8524900000000	-18.917242412645
2.8525000000000	-18.746781042706
2.8525100000000	-18.522843159435
2.8525200000000	-18.251028684964
2.8525300000000	-17.911681308148
2.8525400000000	-17.545239841634
2.8525500000000	-17.158239443453
2.8525600000000	-16.743421740498
2.8525700000000	-16.323925070015
2.8525800000000	-15.903140707881
2.8525900000000	-15.480122890615
2.8526000000000	-15.063515000200
2.8526100000000	-14.654302468972
2.8526200000000	-14.255584781689
2.8526300000000	-13.866877429319
2.8526400000000	-13.488096361969
2.8526500000000	-13.125168742216
2.8526600000000	-12.772434287979
2.8526700000000	-12.429477760045
2.8526800000000	-12.104110916952
2.8526900000000	-11.787876844188
2.8527000000000	-11.480328034824
2.8527100000000	-11.190428520761
2.8527200000000	-10.908295327612
2.8527300000000	-10.633545109159
2.8527400000000	-10.375759863149
2.8527500000000	-10.124424420874
2.8527600000000	-9.8792377301587
2.8527700000000	-9.6500269658458
2.8527800000000	-9.4261124071090
2.8527900000000	-9.2072673039070
2.8528000000000	-9.0033114863848
2.8528100000000	-8.8036795079242
2.8528200000000	-8.6082046045390
2.8528300000000	-8.4265325078139
2.8528400000000	-8.2483779802133
2.8528500000000	-8.0736204108054
2.8528600000000	-7.9116247602647
2.8528700000000	-7.7524822384849
2.8528800000000	-7.5961069316127
2.8528900000000	-7.4515181836393
2.8529000000000	-7.3092356757438
2.8529100000000	-7.1691992713527
2.8529200000000	-7.0400469075031
2.8529300000000	-6.9127501453952
2.8529400000000	-6.7872678731490
2.8529500000000	-6.6718409641179
2.8529600000000	-6.5578975385077
2.8529700000000	-6.4454104625645
2.8529800000000	-6.3422217600873
2.8529900000000	-6.2402085167983
2.8530000000000	-6.1393538253258
2.8530100000000	-6.0471085189139
2.8530200000000	-5.9557831077374
2.8530300000000	-5.8653681252594
2.8530400000000	-5.7829371708203
2.8530500000000	-5.7012136428830
2.8530600000000	-5.6201934461193
2.8530700000000	-5.5465909529033
2.8530800000000	-5.4735189601067
2.8530900000000	-5.4009772035970
2.8531000000000	-5.3353412791466
2.8531100000000	-5.2700883587923
2.8531200000000	-5.2052208618857
2.8531300000000	-5.1467973551168
2.8531400000000	-5.0886338167582
2.8531500000000	-5.0307344933438
2.8531600000000	-4.9788631550967
2.8531700000000	-4.9271491528999
2.8531800000000	-4.8755979214760
2.8531900000000	-4.8297005840044
2.8532000000000	-4.7838750269298
2.8532100000000	-4.7381273968694
2.8532200000000	-4.6976978465007
2.8532300000000	-4.6572688599737
2.8532400000000	-4.6168469417690
2.8532500000000	-4.5814422189462
2.8532600000000	-4.5459789225941
2.8532700000000	-4.5104636532544
2.8532800000000	-4.4796965625259
2.8532900000000	-4.4488219698828
2.8533000000000	-4.4178463798939
2.8533100000000	-4.3913791559266
2.8533200000000	-4.3647641598753
2.8533300000000	-4.3380076611893
2.8533400000000	-4.3155460155618
2.8533500000000	-4.2929036997553
2.8533600000000	-4.2700866491913
2.8533700000000	-4.2513753287986
2.8533800000000	-4.2324567434130
2.8533900000000	-4.2133364260767
2.8534000000000	-4.1981549210795
2.8534100000000	-4.1827449729707
2.8534200000000	-4.1671116673202
2.8534300000000	-4.1552706102537
2.8534400000000	-4.1431846139853
2.8534500000000	-4.1308582892193
2.8534600000000	-4.1221963433790
2.8534700000000	-4.1132770370647
2.8534800000000	-4.1041044921826
2.8534900000000	-4.0984856647431
2.8535000000000	-4.0926006304974
2.8535100000000	-4.0864530188485
2.8535200000000	-4.0837643432547
2.8535300000000	-4.0808037803110
2.8535400000000	-4.0775744709813
2.8535500000000	-4.0777240108328
2.8535600000000	-4.0775988164025
2.8535700000000	-4.0772015501809
2.8535800000000	-4.0801166832880
2.8535900000000	-4.0827568021702
2.8536000000000	-4.0851241053031
2.8536100000000	-4.0907500520707
2.8536200000000	-4.0961030610772
2.8536300000000	-4.1011848846795
2.8536400000000	-4.1094834496189
2.8536500000000	-4.1175133471820
2.8536600000000	-4.1252759041573
2.8536700000000	-4.1362244032697
2.8536800000000	-4.1469105782614
2.8536900000000	-4.1573353529895
2.8537000000000	-4.1709257031015
2.8537100000000	-4.1842620600087
2.8537200000000	-4.1973449689575
2.8537300000000	-4.2135829179365
2.8537400000000	-4.2295771381921
2.8537500000000	-4.2453278220864
2.8537600000000	-4.2642323012521
2.8537700000000	-4.2829052227615
2.8537800000000	-4.3013464530558
2.8537900000000	-4.3229490351665
2.8538000000000	-4.3443341340056
2.8538100000000	-4.3655013181959
2.8538200000000	-4.3898457661100
2.8538300000000	-4.4139887259949
2.8538400000000	-4.4379294978705
2.8538500000000	-4.4650713904884
2.8538600000000	-4.4920297470362
2.8538700000000	-4.5188036292888
2.8538800000000	-4.5488100526775
2.8538900000000	-4.5786529007353
2.8539000000000	-4.6083310285624
2.8539100000000	-4.6412803213302
2.8539200000000	-4.6740880747457
2.8539300000000	-4.7067529701299
2.8539400000000	-4.7427345132024
2.8539500000000	-4.7785987074792
2.8539600000000	-4.8143440949012
2.8539700000000	-4.8534581368600
2.8539800000000	-4.8924812661649
2.8539900000000	-4.9314119214930
2.8540000000000	-4.9737694317489
2.8540100000000	-5.0160648128217
2.8540200000000	-5.0582964382294
2.8540300000000	-5.1040189813691
2.8540400000000	-5.1497106380066
2.8540500000000	-5.1953697569480
2.8540600000000	-5.2445893829389
2.8540700000000	-5.2938119460872
2.8540800000000	-5.3430358137288
2.8540900000000	-5.3958949600181
2.8541000000000	-5.4487935799708
2.8541100000000	-5.5017301060300
2.8541200000000	-5.5583815093754
2.8541300000000	-5.6151117783624
2.8541400000000	-5.6719194611711
2.8541500000000	-5.7325260789426
2.8541600000000	-5.7932539645101
2.8541700000000	-5.8541018373362
2.8541800000000	-5.9188367804210
2.8541900000000	-5.9837385724013
2.8542000000000	-6.0488061655590
2.8542100000000	-6.1178526477351
2.8542200000000	-6.1871149245040
2.8542300000000	-6.2565922498679
2.8542400000000	-6.3301435616140
2.8542500000000	-6.4039631846175
2.8542600000000	-6.4780507525130
2.8542700000000	-6.5563102709307
2.8542800000000	-6.6348944202454
2.8542900000000	-6.7138033026614
2.8543000000000	-6.7969845531822
2.8543100000000	-6.8805508210946
2.8543200000000	-6.9645027796042
2.8543300000000	-7.0528295697761
2.8543400000000	-7.1416061341124
2.8543500000000	-7.2308338357339
2.8543600000000	-7.3245404863875
2.8543700000000	-7.4187663906097
2.8543800000000	-7.5135137403831
2.8543900000000	-7.6128454450479
2.8544000000000	-7.7127710177437
2.8544100000000	-7.8132936426098
2.8544200000000	-7.9185069919984
2.8544300000000	-8.0243944447860
2.8544400000000	-8.1309603700118
2.8544500000000	-8.2423240849760
2.8544600000000	-8.3544483345109
2.8544700000000	-8.4673389008329
2.8544800000000	-8.5851348243360
2.8544900000000	-8.7037845916502
2.8545000000000	-8.8232956693215
2.8545100000000	-8.9478200757209
2.8545200000000	-9.0732993243707
2.8545300000000	-9.1997428888860
2.8545400000000	-9.3313081777785
2.8545500000000	-9.4639379616496
2.8545600000000	-9.5976441059768
2.8545700000000	-9.7365809577853
2.8545800000000	-9.8767017601596
2.8545900000000	-10.018021229973
2.8546000000000	-10.164681312378
2.8546100000000	-10.312655970689
2.8546200000000	-10.461963322874
2.8546300000000	-10.616722651385
2.8546400000000	-10.772939977711
2.8546500000000	-10.930637479607
2.8546600000000	-11.093900553139
2.8546700000000	-11.258779779500
2.8546800000000	-11.425302187243
2.8546900000000	-11.597507041321
2.8547000000000	-11.771503243155
2.8547100000000	-11.947323624308
2.8547200000000	-12.128948324746
2.8547300000000	-12.312559365469
2.8547400000000	-12.498196530659
2.8547500000000	-12.689765569269
2.8547600000000	-12.883539010592
2.8547700000000	-13.079564983682
2.8547800000000	-13.281659268487
2.8547900000000	-13.486203027166
2.8548000000000	-13.693254425830
2.8548100000000	-13.906521759001
2.8548200000000	-14.122515362081
2.8548300000000	-14.341305502124
2.8548400000000	-14.566473586819
2.8548500000000	-14.794682129606
2.8548600000000	-15.026016023898
2.8548700000000	-15.263908087694
2.8548800000000	-15.505199007491
2.8548900000000	-15.749991400739
2.8549000000000	-16.001544907495
2.8549100000000	-16.256908073028
2.8549200000000	-16.516205041167
2.8549300000000	-16.782493971282
2.8549400000000	-17.053065576100
2.8549500000000	-17.328070181880
2.8549600000000	-17.610331253136
2.8549700000000	-17.897421838909
2.8549800000000	-18.189524103195
2.8549900000000	-18.489186922965
2.8550000000000	-18.794313344047
2.8550100000000	-19.105124107761
2.8550200000000	-19.423844253241
2.8550300000000	-19.748764092084
2.8550400000000	-20.080150651301
2.8550500000000	-20.419842329879
2.8550600000000	-20.766586237081
2.8550700000000	-21.120703711517
2.8550800000000	-21.483563349067
2.8550900000000	-21.854453926266
2.8551000000000	-22.233757467015
2.8551100000000	-22.622257741236
2.8551200000000	-23.019888269126
2.8551300000000	-23.427091372105
2.8551400000000	-23.843898879335
2.8551500000000	-24.271011001204
2.8551600000000	-24.708910746996
2.8551700000000	-25.156621837350
2.8551800000000	-25.615745014153
2.8551900000000	-26.086735792232
2.8552000000000	-26.567195324499
2.8552100000000	-27.059742859752
2.8552200000000	-27.564623266682
2.8552300000000	-28.077313879619
2.8552400000000	-28.601479694665
2.8552500000000	-29.136719662663
2.8552600000000	-29.675184882525
2.8552700000000	-30.221374683140
2.8552800000000	-30.773340206944
2.8552900000000	-31.317990557549
2.8553000000000	-31.860106512396
2.8553100000000	-32.394817418999
2.8553200000000	-32.901641075024
2.8553300000000	-33.385484718115
2.8553400000000	-33.838193542856
2.8553500000000	-34.232601552198
2.8553600000000	-34.576950461360
2.8553700000000	-34.864338958285
2.8553800000000	-35.069007298457
2.8553900000000	-35.209668607206
2.8554000000000	-35.288118791851
2.8554100000000	-35.288533549133
2.8554200000000	-35.239699315563
2.8554300000000	-35.150193572700
2.8554400000000	-35.010911618888
2.8554500000000	-34.850389801679
2.8554600000000	-34.676264760684
2.8554700000000	-34.479833553066
2.8554800000000	-34.283439111655
2.8554900000000	-34.091171198096
2.8555000000000	-33.893147934170
2.8555100000000	-33.706088902191
2.8555200000000	-33.531587777654
2.8555300000000	-33.359115760684
2.8555400000000	-33.201954178408
2.8555500000000	-33.060504077563
2.8555600000000	-32.924023008323
2.8555700000000	-32.804066851886
2.8555800000000	-32.700595204393
2.8555900000000	-32.602696828430
2.8556000000000	-32.521295240606
2.8556100000000	-32.456257519524
2.8556200000000	-32.396329958457
2.8556300000000	-32.352504035944
2.8556400000000	-32.324701833965
2.8556500000000	-32.301065764799
2.8556600000000	-32.293144409071
2.8556700000000	-32.300974010533
2.8556800000000	-32.311800814088
2.8556900000000	-32.338114649011
2.8557000000000	-32.380089561226
2.8557100000000	-32.423769172233
2.8557200000000	-32.482922999955
2.8557300000000	-32.557874258552
2.8557400000000	-32.633142974567
2.8557500000000	-32.724105600222
2.8557600000000	-32.831243682283
2.8557700000000	-32.937211481040
2.8557800000000	-33.059330366863
2.8557900000000	-33.198251664851
2.8558000000000	-33.334391867523
2.8558100000000	-33.487381570303
2.8558200000000	-33.658057896036
2.8558300000000	-33.824188894182
2.8558400000000	-34.008117453238
2.8558500000000	-34.210888817409
2.8558600000000	-34.407164846954
2.8558700000000	-34.622453668571
2.8558800000000	-34.858039453915
2.8558900000000	-35.084965060444
2.8559000000000	-35.332417985727
2.8559100000000	-35.601964228403
2.8559200000000	-35.860450725360
2.8559300000000	-36.141333459878
2.8559400000000	-36.446521588978
2.8559500000000	-36.738009709226
2.8559600000000	-37.054207376006
2.8559700000000	-37.397457277416
2.8559800000000	-37.724128194676
2.8559900000000	-38.078402311699
2.8560000000000	-38.463190300680
2.8560100000000	-38.828242981960
2.8560200000000	-39.224540096326
2.8560300000000	-39.655748841256
2.8560400000000	-40.063503665757
2.8560500000000	-40.506947746426
2.8560600000000	-40.990697510315
2.8560700000000	-41.445503840344
2.8560800000000	-41.940539158118
2.8560900000000	-42.481210482621
2.8561000000000	-42.981266100322
2.8561100000000	-43.522180186234
2.8561200000000	-44.108059403019
2.8561300000000	-44.621066495331
2.8561400000000	-45.156462094418
2.8561500000000	-45.708726651012
2.8561600000000	-46.100256577315
2.8561700000000	-46.444413277915
2.8561800000000	-46.718836691850
2.8561900000000	-46.723310254304
2.8562000000000	-46.602652728405
2.8562100000000	-46.251915095380
2.8562200000000	-45.660135183807
2.8562300000000	-45.007452076968
2.8562400000000	-44.321592821149
2.8562500000000	-43.456910612867
2.8562600000000	-42.623896758482
2.8562700000000	-41.827494875084
2.8562800000000	-40.939619175355
2.8562900000000	-40.111339469483
2.8563000000000	-39.336241965625
2.8563100000000	-38.505410493358
2.8563200000000	-37.732876825411
2.8563300000000	-37.010841267963
2.8563400000000	-36.248292693579
2.8563500000000	-35.536437729889
2.8563600000000	-34.868593630759
2.8563700000000	-34.168281184213
2.8563800000000	-33.511126638033
2.8563900000000	-32.891771266268
2.8564000000000	-32.245238516508
2.8564100000000	-31.635582086053
2.8564200000000	-31.058527667567
2.8564300000000	-30.458308247556
2.8564400000000	-29.889895957102
2.8564500000000	-29.349846447484
2.8564600000000	-28.789904514791
2.8564700000000	-28.257664522055
2.8564800000000	-27.750314975894
2.8564900000000	-27.225835278104
2.8565000000000	-26.725688991704
2.8565100000000	-26.247553962842
2.8565200000000	-25.754660693053
2.8565300000000	-25.283296500925
2.8565400000000	-24.831524302946
2.8565500000000	-24.367051998794
2.8565600000000	-23.921743144864
2.8565700000000	-23.493968742153
2.8565800000000	-23.055294756403
2.8565900000000	-22.633765882554
2.8566000000000	-22.228003179569
2.8566100000000	-21.812928055950
2.8566200000000	-21.413259292786
2.8566300000000	-21.027823388268
2.8566400000000	-20.634484770815
2.8566500000000	-20.255042142009
2.8566600000000	-19.888492520668
2.8566700000000	-19.515301825292
2.8566800000000	-19.154685569738
2.8566900000000	-18.805783554113
2.8567000000000	-18.451378064334
2.8567100000000	-18.108383139226
2.8567200000000	-17.776059044196
2.8567300000000	-17.439264579416
2.8567400000000	-17.112849534421
2.8567500000000	-16.796176493183
2.8567600000000	-16.475977453293
2.8567700000000	-16.165239155851
2.8567800000000	-15.863411609702
2.8567900000000	-15.558926271076
2.8568000000000	-15.263078803203
2.8568100000000	-14.975394315672
2.8568200000000	-14.685853948764
2.8568300000000	-14.404210544513
2.8568400000000	-14.130054040704
2.8568500000000	-13.854784876988
2.8568600000000	-13.586742135352
2.8568700000000	-13.325571961997
2.8568800000000	-13.063979348575
2.8568900000000	-12.809003206149
2.8569000000000	-12.560338612319
2.8569100000000	-12.311892910165
2.8569200000000	-12.069506036107
2.8569300000000	-11.832915820888
2.8569400000000	-11.597139760079
2.8569500000000	-11.366910164704
2.8569600000000	-11.142002345869
2.8569700000000	-10.918459667257
2.8569800000000	-10.699990412063
2.8569900000000	-10.486402849856
2.8570000000000	-10.274688147445
2.8570100000000	-10.067608113642
2.8570200000000	-9.8650000806139
2.8570300000000	-9.6647298190044
2.8570400000000	-9.4686855396462
2.8570500000000	-9.2767302658853
2.8570600000000	-9.0875349841633
2.8570700000000	-8.9021835724406
2.8570800000000	-8.7205618144035
2.8570900000000	-8.5420795453469
2.8571000000000	-8.3670827608544
2.8571100000000	-8.1954774448936
2.8571200000000	-8.0273483771190
2.8571300000000	-7.8623678647411
2.8571400000000	-7.7004598438746
2.8571500000000	-7.5423222381297
2.8571600000000	-7.3870159530051
2.8571700000000	-7.2344808905021
2.8571800000000	-7.0859682329993
2.8571900000000	-6.9399880340761
2.8572000000000	-6.7964943943728
2.8572100000000	-6.6572337344228
2.8572200000000	-6.5202240920281
2.8572300000000	-6.3854321817766
2.8572400000000	-6.2550435630596
2.8572500000000	-6.1266412885214
2.8572600000000	-6.0002032537784
2.8572700000000	-5.8783001129229
2.8572800000000	-5.7581349839430
2.8572900000000	-5.6396956367960
2.8573000000000	-5.5258860141372
2.8573100000000	-5.4135821431541
2.8573200000000	-5.3027804671407
2.8573300000000	-5.1966688552350
2.8573400000000	-5.0918466311833
2.8573500000000	-4.9883178004824
2.8573600000000	-4.8895074477455
2.8573700000000	-4.7917858760699
2.8573800000000	-4.6951636202865
2.8573900000000	-4.6032591105220
2.8574000000000	-4.5122583814993
2.8574100000000	-4.4221775350170
2.8574200000000	-4.3367874767932
2.8574300000000	-4.2521316067595
2.8574400000000	-4.1682306971988
2.8574500000000	-4.0889703782974
2.8574600000000	-4.0102897901346
2.8574700000000	-3.9322135426522
2.8574800000000	-3.8587074312583
2.8574900000000	-3.7856413664455
2.8575000000000	-3.7130430262016
2.8575100000000	-3.6449270294567
2.8575200000000	-3.5771257120674
2.8575300000000	-3.5096691142275
2.8575400000000	-3.4465925335655
2.8575500000000	-3.3837190338021
2.8575600000000	-3.3210803761925
2.8575700000000	-3.2627075257331
2.8575800000000	-3.2044392957255
2.8575900000000	-3.1463085928327
2.8576000000000	-3.0923200704069
2.8576100000000	-3.0383501464101
2.8576200000000	-2.9844323630606
2.8576300000000	-2.9345259824232
2.8576400000000	-2.8845638648749
2.8576500000000	-2.8345797436969
2.8576600000000	-2.7884711511111
2.8576700000000	-2.7422433870697
2.8576800000000	-2.6959299954521
2.8576900000000	-2.6533530039947
2.8577000000000	-2.6106035053608
2.8577100000000	-2.5677145354863
2.8577200000000	-2.5284212168446
2.8577300000000	-2.4889113533805
2.8577400000000	-2.4492172135179
2.8577500000000	-2.4129777902631
2.8577600000000	-2.3764862988552
2.8577700000000	-2.3397740361318
2.8577800000000	-2.3063766182347
2.8577900000000	-2.2726993704192
2.8578000000000	-2.2387724654421
2.8578100000000	-2.2080226738261
2.8578200000000	-2.1769723424091
2.8578300000000	-2.1456504148377
2.8578400000000	-2.1173709327524
2.8578500000000	-2.0887765964704
2.8578600000000	-2.0598950588733
2.8578700000000	-2.0339251493392
2.8578800000000	-2.0076318721645
2.8578900000000	-1.9810415673333
2.8579000000000	-1.9572365923345
2.8579100000000	-1.9331050118356
2.8579200000000	-1.9086718668918
2.8579300000000	-1.8869028418948
2.8579400000000	-1.8648087993748
2.8579500000000	-1.8424135287111
2.8579600000000	-1.8225667446628
2.8579700000000	-1.8024009888632
2.8579800000000	-1.7819388775911
2.8579900000000	-1.7639156222300
2.8580000000000	-1.7455836187153
2.8580100000000	-1.7269644191323
2.8580200000000	-1.7106806940940
2.8580300000000	-1.6941024392315
2.8580400000000	-1.6772502818518
2.8580500000000	-1.6626372371746
2.8580600000000	-1.6477477917620
2.8580700000000	-1.6326018201453
2.8580800000000	-1.6196055650642
2.8580900000000	-1.6063549867124
2.8581000000000	-1.5928694147556
2.8581100000000	-1.5814516461978
2.8581200000000	-1.5698057471379
2.8581300000000	-1.5579507522027
2.8581400000000	-1.5480895569786
2.8581500000000	-1.5380308583679
2.8581600000000	-1.5277936965186
2.8581700000000	-1.5194847441748
2.8581800000000	-1.5110138490717
2.8581900000000	-1.5024004207291
2.8582000000000	-1.4956586433540
2.8582100000000	-1.4887961344892
2.8582200000000	-1.4818331176150
2.8582300000000	-1.4766950022962
2.8582400000000	-1.4714840036563
2.8582500000000	-1.4662217084486
2.8582600000000	-1.4627483682752
2.8582700000000	-1.4592579545112
2.8582800000000	-1.4557741039903
2.8582900000000	-1.4540553484294
2.8583000000000	-1.4523850476027
2.8583100000000	-1.4507897574969
2.8583200000000	-1.4509494582355
2.8583300000000	-1.4512351778256
2.8583400000000	-1.4516775040103
2.8583500000000	-1.4538806556970
2.8583600000000	-1.4563024778378
2.8583700000000	-1.4589790301626
2.8583800000000	-1.4634410477068
2.8583900000000	-1.4682334994765
2.8584000000000	-1.4733998008828
2.8584100000000	-1.4803987907175
2.8584200000000	-1.4878644153994
2.8584300000000	-1.4958499331700
2.8584400000000	-1.5057429445469
2.8584500000000	-1.5162703015195
2.8584600000000	-1.5274984169242
2.8584700000000	-1.5407430448845
2.8584800000000	-1.5548306749570
2.8584900000000	-1.5698453159020
2.8585000000000	-1.5870285159030
2.8585100000000	-1.6053169512182
2.8585200000000	-1.6248182142161
2.8585300000000	-1.6466948166735
2.8585400000000	-1.6700094002675
2.8585500000000	-1.6949012334821
2.8585600000000	-1.7224453932991
2.8585700000000	-1.7518534573076
2.8585800000000	-1.7833072850828
2.8585900000000	-1.8177808283839
2.8586000000000	-1.8546674530769
2.8586100000000	-1.8942061885189
2.8586200000000	-1.9372480770897
2.8586300000000	-1.9834145819894
2.8586400000000	-2.0330209129457
2.8586500000000	-2.0867606032051
2.8586600000000	-2.1445474126590
2.8586700000000	-2.2067962381438
2.8586800000000	-2.2739874191931
2.8586900000000	-2.3464137307145
2.8587000000000	-2.4246153877444
2.8587100000000	-2.5087677302338
2.8587200000000	-2.5996541308318
2.8587300000000	-2.6979586620212
2.8587400000000	-2.8033955136665
2.8587500000000	-2.9173680378676
2.8587600000000	-3.0406889789810
2.8587700000000	-3.1723370442486
2.8587800000000	-3.3144483855857
2.8587900000000	-3.4678481357462
2.8588000000000	-3.6302864430391
2.8588100000000	-3.8046284583494
2.8588200000000	-3.9913438331391
2.8588300000000	-4.1860760353998
2.8588400000000	-4.3920766931933
2.8588500000000	-4.6085754902583
2.8588600000000	-4.8276912866870
2.8588700000000	-5.0520789864663
2.8588800000000	-5.2781643905938
2.8588900000000	-5.4930181430304
2.8589000000000	-5.6973644829329
2.8589100000000	-5.8837303460411
2.8589200000000	-6.0352301455778
2.8589300000000	-6.1515754193318
2.8589400000000	-6.2247952719421
2.8589500000000	-6.2421873373194
2.8589600000000	-6.2079321583926
2.8589700000000	-6.1215149888367
2.8589800000000	-5.9835104012560
2.8589900000000	-5.8038591139132
2.8590000000000	-5.5896230350817
2.8590100000000	-5.3507512445020
2.8590200000000	-5.0951483780860
2.8590300000000	-4.8298079863386
2.8590400000000	-4.5652031371804
2.8590500000000	-4.3028070247188
2.8590600000000	-4.0461721095647
2.8590700000000	-3.8032110612093
2.8590800000000	-3.5706650821380
2.8590900000000	-3.3495156587334
2.8591000000000	-3.1455316146637
2.8591100000000	-2.9534557065205
2.8591200000000	-2.7730892641211
2.8591300000000	-2.6088884831985
2.8591400000000	-2.4552816329191
2.8591500000000	-2.3117021707850
2.8591600000000	-2.1818086651113
2.8591700000000	-2.0604532464784
2.8591800000000	-1.9470488375096
2.8591900000000	-1.8447169113632
2.8592000000000	-1.7489615605904
2.8592100000000	-1.6592891546552
2.8592200000000	-1.5784161904959
2.8592300000000	-1.5025039626007
2.8592400000000	-1.4311705228699
2.8592500000000	-1.3668030579185
2.8592600000000	-1.3061453830163
2.8592700000000	-1.2489130529871
2.8592800000000	-1.1972152256627
2.8592900000000	-1.1482856826470
2.8593000000000	-1.1019162833848
2.8593100000000	-1.0599778505427
2.8593200000000	-1.0201074317859
2.8593300000000	-0.98215376845176
2.8593400000000	-0.94778229411435
2.8593500000000	-0.91495963699938
2.8593600000000	-0.88357599245587
2.8593700000000	-0.85511947336405
2.8593800000000	-0.82782621335634
2.8593900000000	-0.80161632997271
2.8594000000000	-0.77782466480304
2.8594100000000	-0.75490873770830
2.8594200000000	-0.73281021097249
2.8594300000000	-0.71273123107564
2.8594400000000	-0.69331238623395
2.8594500000000	-0.67451087530463
2.8594600000000	-0.65741370462951
2.8594700000000	-0.64081400258499
2.8594800000000	-0.62468021468761
2.8594900000000	-0.60999915286947
2.8595000000000	-0.59569206605611
2.8595100000000	-0.58173558224796
2.8595200000000	-0.56902903241855
2.8595300000000	-0.55660213662505
2.8595400000000	-0.54443750976343
2.8595500000000	-0.53335782061585
2.8595600000000	-0.52248533934455
2.8595700000000	-0.51180708697707
2.8595800000000	-0.50207828968280
2.8595900000000	-0.49250077193057
2.8596000000000	-0.48306481629709
2.8596100000000	-0.47446608061611
2.8596200000000	-0.46597525556151
2.8596300000000	-0.45758505141680
2.8596400000000	-0.44993830190958
2.8596500000000	-0.44236570802672
2.8596600000000	-0.43486179647502
2.8596700000000	-0.42802237191443
2.8596800000000	-0.42123075444732
2.8596900000000	-0.41448283628515
2.8597000000000	-0.40833238992658
2.8597100000000	-0.40220914255390
2.8597200000000	-0.39611001724389
2.8597300000000	-0.39055107887952
2.8597400000000	-0.38500320566864
2.8597500000000	-0.37946410176914
2.8597600000000	-0.37441588119488
2.8597700000000	-0.36936609753302
2.8597800000000	-0.36431304855757
2.8597900000000	-0.35970817328230
2.8598000000000	-0.35509186640503
2.8598100000000	-0.35046287790546
2.8598200000000	-0.34624483911438
2.8598300000000	-0.34200768212116
2.8598400000000	-0.33775050193495
2.8598500000000	-0.33387164125943
2.8598600000000	-0.32996770747057
2.8598700000000	-0.32603805902999
2.8598800000000	-0.32245797116860
2.8598900000000	-0.31884823424107
2.8599000000000	-0.31520840782984
2.8599100000000	-0.31189266512454
2.8599200000000	-0.30854379858706
2.8599300000000	-0.30516152113058
2.8599400000000	-0.30208064904619
2.8599500000000	-0.29896405975301
2.8599600000000	-0.29581158274776
2.8599700000000	-0.29294023212797
2.8599800000000	-0.29003127760749
2.8599900000000	-0.28708463694166
2.8600000000000	-0.28440091153635
