#Parameters = {n=0.01; f0=2856000000; lambda=0.10496934803922; l=0.0010496934803922; LL=0.06}
#"Frequency / GHz"	"S1,1 (6) [Magnitude in dB]"
#----------------------------------------------
2.8500000000000	-0.29127504264789
2.8500100000000	-0.29128685471104
2.8500200000000	-0.29130698019601
2.8500300000000	-0.29133272128323
2.8500400000000	-0.29153821489072
2.8500500000000	-0.29174355327659
2.8500600000000	-0.29194643894083
2.8500700000000	-0.29232915058766
2.8500800000000	-0.29270424991732
2.8500900000000	-0.29306976101938
2.8501000000000	-0.29361636347534
2.8501100000000	-0.29414870026493
2.8501200000000	-0.29466505463268
2.8501300000000	-0.29536482744386
2.8501400000000	-0.29604431884659
2.8501500000000	-0.29670202131258
2.8501600000000	-0.29754643398833
2.8501700000000	-0.29836505301677
2.8501800000000	-0.29915653983118
2.8501900000000	-0.30013892259922
2.8502000000000	-0.30109039367148
2.8502100000000	-0.30200975068362
2.8502200000000	-0.30312503393454
2.8502300000000	-0.30420459161070
2.8502400000000	-0.30524733065216
2.8502500000000	-0.30649183878783
2.8502600000000	-0.30769603670542
2.8502700000000	-0.30885891834307
2.8502800000000	-0.31023020715857
2.8502900000000	-0.31155676725768
2.8503000000000	-0.31283766087582
2.8503100000000	-0.31433439016242
2.8503200000000	-0.31578208461259
2.8503300000000	-0.31717985888987
2.8503400000000	-0.31880169388561
2.8503500000000	-0.32037025388797
2.8503600000000	-0.32188469233805
2.8503700000000	-0.32363222912817
2.8503800000000	-0.32532227611369
2.8503900000000	-0.32695401358970
2.8504000000000	-0.32882872470674
2.8504100000000	-0.33064172050023
2.8504200000000	-0.33239219752367
2.8504300000000	-0.33439639488306
2.8504400000000	-0.33633460821689
2.8504500000000	-0.33820604074242
2.8504600000000	-0.34034285375825
2.8504700000000	-0.34240934117677
2.8504800000000	-0.34440470400829
2.8504900000000	-0.34667807129905
2.8505000000000	-0.34887667101185
2.8505100000000	-0.35099969357096
2.8505200000000	-0.35341436712645
2.8505300000000	-0.35574970480885
2.8505400000000	-0.35800487836244
2.8505500000000	-0.36056643943268
2.8505600000000	-0.36304394532941
2.8505700000000	-0.36543654112371
2.8505800000000	-0.36815142741817
2.8505900000000	-0.37077736442171
2.8506000000000	-0.37331346247008
2.8506100000000	-0.37618900655337
2.8506200000000	-0.37897050921130
2.8506300000000	-0.38165703775228
2.8506400000000	-0.38470151678140
2.8506500000000	-0.38764664144061
2.8506600000000	-0.39049142733031
2.8506700000000	-0.39371412453957
2.8506800000000	-0.39683191108691
2.8506900000000	-0.39984374163590
2.8507000000000	-0.40325502021385
2.8507100000000	-0.40655556611091
2.8507200000000	-0.40974426311457
2.8507300000000	-0.41335565337048
2.8507400000000	-0.41685020093647
2.8507500000000	-0.42022670789926
2.8507600000000	-0.42405100887406
2.8507700000000	-0.42775204702462
2.8507800000000	-0.43132853084305
2.8507900000000	-0.43537992779605
2.8508000000000	-0.43930130973496
2.8508100000000	-0.44309127839463
2.8508200000000	-0.44738547789972
2.8508300000000	-0.45154255656881
2.8508400000000	-0.45556099472407
2.8508500000000	-0.46011537943978
2.8508600000000	-0.46452516287345
2.8508700000000	-0.46878868754489
2.8508800000000	-0.47362249310400
2.8508900000000	-0.47830382223441
2.8509000000000	-0.48283086126010
2.8509100000000	-0.48796537813789
2.8509200000000	-0.49293913003298
2.8509300000000	-0.49775012637493
2.8509400000000	-0.50320893009392
2.8509500000000	-0.50849825012910
2.8509600000000	-0.51361589567746
2.8509700000000	-0.51942510924959
2.8509800000000	-0.52505567629253
2.8509900000000	-0.53050517942586
2.8510000000000	-0.53669377258089
2.8510100000000	-0.54269410196093
2.8510200000000	-0.54850349384387
2.8510300000000	-0.55510362432926
2.8510400000000	-0.56150541413729
2.8510500000000	-0.56770589957371
2.8510600000000	-0.57475330266594
2.8510700000000	-0.58159182985663
2.8510800000000	-0.58821818949566
2.8510900000000	-0.59575262285594
2.8511000000000	-0.60306719668512
2.8511100000000	-0.61015824850677
2.8511200000000	-0.61822400065283
2.8511300000000	-0.62605848220714
2.8511400000000	-0.63365761155370
2.8511500000000	-0.64230408355937
2.8511600000000	-0.65070748158682
2.8511700000000	-0.65886325054310
2.8511800000000	-0.66814562209175
2.8511900000000	-0.67717277698832
2.8512000000000	-0.68593962571184
2.8512100000000	-0.69591961842438
2.8512200000000	-0.70563198817249
2.8512300000000	-0.71507104287224
2.8512400000000	-0.72581779584951
2.8512500000000	-0.73628435991293
2.8512600000000	-0.74646436458907
2.8512700000000	-0.75805543945837
2.8512800000000	-0.76935373921434
2.8512900000000	-0.78035213107204
2.8513000000000	-0.79287466650102
2.8513100000000	-0.80509200371074
2.8513200000000	-0.81699615536594
2.8513300000000	-0.83054819403135
2.8513400000000	-0.84378301218643
2.8513500000000	-0.85669166745870
2.8513600000000	-0.87138368189211
2.8513700000000	-0.88574715905553
2.8513800000000	-0.89977209328671
2.8513900000000	-0.91572874080682
2.8514000000000	-0.93134662675875
2.8514100000000	-0.94661456725525
2.8514200000000	-0.96397670842137
2.8514300000000	-0.98099144358536
2.8514400000000	-0.99764629094968
2.8514500000000	-1.0165733104419
2.8514600000000	-1.0351464690665
2.8514700000000	-1.0533518657351
2.8514800000000	-1.0740243394045
2.8514900000000	-1.0943394448032
2.8515000000000	-1.1142817430749
2.8515100000000	-1.1369044996821
2.8515200000000	-1.1591702647010
2.8515300000000	-1.1810619525615
2.8515400000000	-1.2058675834097
2.8515500000000	-1.2303216345215
2.8515600000000	-1.2544052834521
2.8515700000000	-1.2816581571820
2.8515800000000	-1.3085713051490
2.8515900000000	-1.3351241092836
2.8516000000000	-1.3651249519960
2.8516100000000	-1.3948060753394
2.8516200000000	-1.4241450551926
2.8516300000000	-1.4572361570908
2.8516400000000	-1.4900377658208
2.8516500000000	-1.5225257113275
2.8516600000000	-1.5590968190770
2.8516700000000	-1.5954213640513
2.8516800000000	-1.6314735896955
2.8516900000000	-1.6719685376239
2.8517000000000	-1.7122755243198
2.8517100000000	-1.7523675022133
2.8517200000000	-1.7972916235310
2.8517300000000	-1.8421055761531
2.8517400000000	-1.8867814992145
2.8517500000000	-1.9367098395415
2.8517600000000	-1.9866291408892
2.8517700000000	-2.0365114464424
2.8517800000000	-2.0920977742001
2.8517900000000	-2.1478043769532
2.8518000000000	-2.2036042295122
2.8518100000000	-2.2655908008798
2.8518200000000	-2.3278607669521
2.8518300000000	-2.3903894578585
2.8518400000000	-2.4596174487210
2.8518500000000	-2.5293322259066
2.8518600000000	-2.5995133986728
2.8518700000000	-2.6769338654005
2.8518800000000	-2.7550921594265
2.8518900000000	-2.8339747188538
2.8519000000000	-2.9206599013425
2.8519100000000	-3.0083899553121
2.8519200000000	-3.0971614761472
2.8519300000000	-3.1943162220410
2.8519400000000	-3.2928882881662
2.8519500000000	-3.3928887222903
2.8519600000000	-3.5018618085909
2.8519700000000	-3.6127006092326
2.8519800000000	-3.7254361214181
2.8519900000000	-3.8477312981530
2.8520000000000	-3.9724283453891
2.8520100000000	-4.0995852093165
2.8520200000000	-4.2368719047554
2.8520300000000	-4.3771976927272
2.8520400000000	-4.5206563606757
2.8520500000000	-4.6747801562040
2.8520600000000	-4.8326964345280
2.8520700000000	-4.9945461184798
2.8520800000000	-5.1675392426321
2.8520900000000	-5.3452117107533
2.8521000000000	-5.5277659283101
2.8521100000000	-5.7218578956569
2.8521200000000	-5.9216694132635
2.8521300000000	-6.1274825524775
2.8521400000000	-6.3451102626454
2.8521500000000	-6.5696734666588
2.8521600000000	-6.8015567143540
2.8521700000000	-7.0453692898314
2.8521800000000	-7.2975323936814
2.8521900000000	-7.5585608778136
2.8522000000000	-7.8314086823514
2.8522100000000	-8.1142398777538
2.8522200000000	-8.4077312157375
2.8522300000000	-8.7126058879215
2.8522400000000	-9.0293129371589
2.8522500000000	-9.3587203433573
2.8522600000000	-9.6985692194244
2.8522700000000	-10.052252944132
2.8522800000000	-10.420838808692
2.8522900000000	-10.798071206110
2.8523000000000	-11.191072016058
2.8523100000000	-11.601042965028
2.8523200000000	-12.016309367800
2.8523300000000	-12.448595930569
2.8523400000000	-12.898973073472
2.8523500000000	-13.348299961150
2.8523600000000	-13.813720207798
2.8523700000000	-14.295435881412
2.8523800000000	-14.763971668142
2.8523900000000	-15.242308733783
2.8524000000000	-15.728223152491
2.8524100000000	-16.178707776169
2.8524200000000	-16.622373259310
2.8524300000000	-17.052732243787
2.8524400000000	-17.413220334662
2.8524500000000	-17.738630905794
2.8524600000000	-18.020020177838
2.8524700000000	-18.198295875321
2.8524800000000	-18.317684974567
2.8524900000000	-18.375196026819
2.8525000000000	-18.328409038326
2.8525100000000	-18.227990594446
2.8525200000000	-18.079533414119
2.8525300000000	-17.861708488529
2.8525400000000	-17.616638136738
2.8525500000000	-17.350850028628
2.8525600000000	-17.055117217455
2.8525700000000	-16.754562972364
2.8525800000000	-16.452571903303
2.8525900000000	-16.145998741126
2.8526000000000	-15.845712131454
2.8526100000000	-15.552692512218
2.8526200000000	-15.267672984545
2.8526300000000	-14.992572961063
2.8526400000000	-14.727305697910
2.8526500000000	-14.475325678850
2.8526600000000	-14.233495740622
2.8526700000000	-14.001400702342
2.8526800000000	-13.784328492371
2.8526900000000	-13.576409494074
2.8527000000000	-13.377199332709
2.8527100000000	-13.193135433010
2.8527200000000	-13.016937331555
2.8527300000000	-12.848228125898
2.8527400000000	-12.694101300701
2.8527500000000	-12.546617499451
2.8527600000000	-12.405485622898
2.8527700000000	-12.278115572858
2.8527800000000	-12.156342343323
2.8527900000000	-12.039952842514
2.8528000000000	-11.936446471768
2.8528100000000	-11.837684528641
2.8528200000000	-11.743517840430
2.8528300000000	-11.661387092023
2.8528400000000	-11.583326145452
2.8528500000000	-11.509236200266
2.8528600000000	-11.446404686154
2.8528700000000	-11.387121237322
2.8528800000000	-11.331326336323
2.8528900000000	-11.286095797871
2.8529000000000	-11.244019976974
2.8529100000000	-11.205070185294
2.8529200000000	-11.176076448805
2.8529300000000	-11.149951394456
2.8529400000000	-11.126690992496
2.8529500000000	-11.112861315017
2.8529600000000	-11.101704576709
2.8529700000000	-11.093237075923
2.8529800000000	-11.093753183995
2.8529900000000	-11.096823580081
2.8530000000000	-11.102482009638
2.8530100000000	-11.116749964211
2.8530200000000	-11.133520784106
2.8530300000000	-11.152843927733
2.8530400000000	-11.180470712327
2.8530500000000	-11.210609159455
2.8530600000000	-11.243323636564
2.8530700000000	-11.284099973122
2.8530800000000	-11.327452439037
2.8530900000000	-11.373460294746
2.8531000000000	-11.427349161038
2.8531100000000	-11.483931914033
2.8531200000000	-11.543303398764
2.8531300000000	-11.610433839264
2.8531400000000	-11.680428828668
2.8531500000000	-11.753400168334
2.8531600000000	-11.834066161763
2.8531700000000	-11.917821802071
2.8531800000000	-12.004797917113
2.8531900000000	-12.099462242285
2.8532000000000	-12.197499207216
2.8532100000000	-12.299061493642
2.8532200000000	-12.408364687423
2.8532300000000	-12.521386876511
2.8532400000000	-12.638306273376
2.8532500000000	-12.763080854581
2.8532600000000	-12.891991736451
2.8532700000000	-13.025247299291
2.8532800000000	-13.166537346434
2.8532900000000	-13.312461713194
2.8533000000000	-13.463264638277
2.8533100000000	-13.622350476999
2.8533200000000	-13.786661122491
2.8533300000000	-13.956483403589
2.8533400000000	-14.134909163209
2.8533500000000	-14.319255594688
2.8533600000000	-14.509859566438
2.8533700000000	-14.709460177445
2.8533800000000	-14.915794314323
2.8533900000000	-15.129255932872
2.8534000000000	-15.352170691512
2.8534100000000	-15.582752989554
2.8534200000000	-15.821457485372
2.8534300000000	-16.070103509488
2.8534400000000	-16.327454356641
2.8534500000000	-16.594018033518
2.8534600000000	-16.870960933313
2.8534700000000	-17.157675368445
2.8534800000000	-17.454686352035
2.8534900000000	-17.762266391283
2.8535000000000	-18.080506894140
2.8535100000000	-18.409842676140
2.8535200000000	-18.749239073868
2.8535300000000	-19.099493828211
2.8535400000000	-19.460680672088
2.8535500000000	-19.829727255559
2.8535600000000	-20.207959642106
2.8535700000000	-20.594474521585
2.8535800000000	-20.982891285021
2.8535900000000	-21.374497456229
2.8536000000000	-21.766225945519
2.8536100000000	-22.146490667508
2.8536200000000	-22.515588072477
2.8536300000000	-22.866847123608
2.8536400000000	-23.182139327183
2.8536500000000	-23.460946283831
2.8536600000000	-23.693951480280
2.8536700000000	-23.860080767803
2.8536800000000	-23.962997863729
2.8536900000000	-23.997805516180
2.8537000000000	-23.950915998557
2.8537100000000	-23.836605169043
2.8537200000000	-23.659980507483
2.8537300000000	-23.419063054925
2.8537400000000	-23.133775301353
2.8537500000000	-22.813206176698
2.8537600000000	-22.459765566732
2.8537700000000	-22.089258072382
2.8537800000000	-21.708048038739
2.8537900000000	-21.317816755981
2.8538000000000	-20.927635191711
2.8538100000000	-20.540420491277
2.8538200000000	-20.156822256345
2.8538300000000	-19.780946832688
2.8538400000000	-19.413679181909
2.8538500000000	-19.055443707565
2.8538600000000	-18.707387287981
2.8538700000000	-18.369482000399
2.8538800000000	-18.042412916300
2.8538900000000	-17.725643961236
2.8539000000000	-17.418808730680
2.8539100000000	-17.123003917539
2.8539200000000	-16.836722168547
2.8539300000000	-16.559510321252
2.8539400000000	-16.292868998546
2.8539500000000	-16.034710539872
2.8539600000000	-15.784594660110
2.8539700000000	-15.544365171032
2.8539800000000	-15.311574974060
2.8539900000000	-15.085830572866
2.8540000000000	-14.869250114046
2.8540100000000	-14.659157229329
2.8540200000000	-14.455212226528
2.8540300000000	-14.259746177536
2.8540400000000	-14.069933651964
2.8540500000000	-13.885485570486
2.8540600000000	-13.708895634847
2.8540700000000	-13.537240862492
2.8540800000000	-13.370276368511
2.8540900000000	-13.210618752543
2.8541000000000	-13.055281774223
2.8541100000000	-12.904057903321
2.8541200000000	-12.759655730632
2.8541300000000	-12.619049290729
2.8541400000000	-12.482062178936
2.8541500000000	-12.351471069153
2.8541600000000	-12.224226821744
2.8541700000000	-12.100178831832
2.8541800000000	-11.982153373177
2.8541900000000	-11.867090004452
2.8542000000000	-11.754859497230
2.8542100000000	-11.648323405977
2.8542200000000	-11.544418639849
2.8542300000000	-11.443033721452
2.8542400000000	-11.347054351807
2.8542500000000	-11.253421178074
2.8542600000000	-11.162037517928
2.8542700000000	-11.075804517909
2.8542800000000	-10.991671333743
2.8542900000000	-10.909553669972
2.8543000000000	-10.832361274290
2.8543100000000	-10.757055417344
2.8543200000000	-10.683562225404
2.8543300000000	-10.614794615773
2.8543400000000	-10.547728742243
2.8543500000000	-10.482299544604
2.8543600000000	-10.421418746388
2.8543700000000	-10.362079556333
2.8543800000000	-10.304224407249
2.8543900000000	-10.250760263122
2.8544000000000	-10.198699147396
2.8544100000000	-10.147989898041
2.8544200000000	-10.101531736034
2.8544300000000	-10.056356991903
2.8544400000000	-10.012420010114
2.8544500000000	-9.9726096934735
2.8544600000000	-9.9339800214378
2.8544700000000	-9.8964901012292
2.8544800000000	-9.8630162074291
2.8544900000000	-9.8306352569276
2.8545000000000	-9.7993105038754
2.8545100000000	-9.7719034295820
2.8545200000000	-9.7455152066992
2.8545300000000	-9.7201127271471
2.8545400000000	-9.6985405558873
2.8545500000000	-9.6779255428547
2.8545600000000	-9.6582377985031
2.8545700000000	-9.6423027999271
2.8545800000000	-9.6272746656056
2.8545900000000	-9.6131263820286
2.8546000000000	-9.6026620371922
2.8546100000000	-9.5930648411522
2.8546200000000	-9.5843103803321
2.8546300000000	-9.5791788477960
2.8546400000000	-9.5748846592924
2.8546500000000	-9.5714057834081
2.8546600000000	-9.5714957371701
2.8546700000000	-9.5724026052457
2.8546800000000	-9.5741065727174
2.8546900000000	-9.5793313559669
2.8547000000000	-9.5853615788447
2.8547100000000	-9.5921795246594
2.8547200000000	-9.6024758966207
2.8547300000000	-9.6135748746393
2.8547400000000	-9.6254607660522
2.8547500000000	-9.6407866016040
2.8547600000000	-9.6569206187314
2.8547700000000	-9.6738491159691
2.8547800000000	-9.6941832130059
2.8547900000000	-9.7153393382798
2.8548000000000	-9.7373057889955
2.8548100000000	-9.7626465933242
2.8548200000000	-9.7888314807743
2.8548300000000	-9.8158507943305
2.8548400000000	-9.8462155958218
2.8548500000000	-9.8774547545516
2.8548600000000	-9.9095607462901
2.8548700000000	-9.9449850174794
2.8548800000000	-9.9813222214882
2.8548900000000	-10.018567094814
2.8549000000000	-10.059103959669
2.8549100000000	-10.100600786599
2.8549200000000	-10.143054743516
2.8549300000000	-10.188774567243
2.8549400000000	-10.235510058290
2.8549500000000	-10.283261032039
2.8549600000000	-10.334251125671
2.8549700000000	-10.386321561769
2.8549800000000	-10.439475068131
2.8549900000000	-10.495839504312
2.8550000000000	-10.553358296440
2.8550100000000	-10.612037402991
2.8550200000000	-10.673896941956
2.8550300000000	-10.736994635995
2.8550400000000	-10.801340051389
2.8550500000000	-10.868832178635
2.8550600000000	-10.937656577889
2.8550700000000	-11.007826865956
2.8550800000000	-11.081105945573
2.8550900000000	-11.155822356608
2.8551000000000	-11.231994282845
2.8551100000000	-11.311231832965
2.8551200000000	-11.392023443153
2.8551300000000	-11.474392464153
2.8551400000000	-11.559777563436
2.8551500000000	-11.646845961220
2.8551600000000	-11.735626870436
2.8551700000000	-11.827366706998
2.8551800000000	-11.920932558736
2.8551900000000	-12.016360305192
2.8552000000000	-12.114680881863
2.8552100000000	-12.214984781770
2.8552200000000	-12.317315481346
2.8552300000000	-12.422462493550
2.8552400000000	-12.529766006109
2.8552500000000	-12.639278168401
2.8552600000000	-12.751518073167
2.8552700000000	-12.866104990070
2.8552800000000	-12.983100986876
2.8552900000000	-13.102722283674
2.8553000000000	-13.224900119816
2.8553100000000	-13.349707924603
2.8553200000000	-13.477022670320
2.8553300000000	-13.607124425758
2.8553400000000	-13.740099656318
2.8553500000000	-13.875445237961
2.8553600000000	-14.013831454444
2.8553700000000	-14.155359753514
2.8553800000000	-14.299100942701
2.8553900000000	-14.446162084596
2.8554000000000	-14.596661875388
2.8554100000000	-14.749193188092
2.8554200000000	-14.905352377579
2.8554300000000	-15.065278032039
2.8554400000000	-15.227026415044
2.8554500000000	-15.392742550357
2.8554600000000	-15.562588008026
2.8554700000000	-15.734015869746
2.8554800000000	-15.909787151895
2.8554900000000	-16.090090025000
2.8555000000000	-16.271698621881
2.8555100000000	-16.458066510064
2.8555200000000	-16.649412706418
2.8555300000000	-16.841745887099
2.8555400000000	-17.039299494357
2.8555500000000	-17.242328382295
2.8555600000000	-17.445976679479
2.8555700000000	-17.655357609118
2.8555800000000	-17.870767738910
2.8555900000000	-18.086372784185
2.8556000000000	-18.308280393830
2.8556100000000	-18.536835778573
2.8556200000000	-18.765095000969
2.8556300000000	-19.000292068868
2.8556400000000	-19.242829018199
2.8556500000000	-19.484500579113
2.8556600000000	-19.733819343734
2.8556700000000	-19.991253846635
2.8556800000000	-20.247161776419
2.8556900000000	-20.511510342892
2.8557000000000	-20.784846030809
2.8557100000000	-21.055885594968
2.8557200000000	-21.336254786521
2.8557300000000	-21.626591620239
2.8557400000000	-21.913735113239
2.8557500000000	-22.211206060953
2.8557600000000	-22.519750157550
2.8557700000000	-22.824053705917
2.8557800000000	-23.139806947021
2.8557900000000	-23.467882558141
2.8558000000000	-23.790495303398
2.8558100000000	-24.125823126854
2.8558200000000	-24.474888980630
2.8558300000000	-24.817067526167
2.8558400000000	-25.173393153830
2.8558500000000	-25.545067659915
2.8558600000000	-25.908201395731
2.8558700000000	-26.287111902090
2.8558800000000	-26.683215810815
2.8558900000000	-27.068873286292
2.8559000000000	-27.472178635100
2.8559100000000	-27.894810461539
2.8559200000000	-28.304823672911
2.8559300000000	-28.734662087812
2.8559400000000	-29.186331054441
2.8559500000000	-29.622941706471
2.8559600000000	-30.081959165032
2.8559700000000	-30.565808683365
2.8559800000000	-31.031898965811
2.8559900000000	-31.523524520709
2.8560000000000	-32.043667222733
2.8560100000000	-32.543053581208
2.8560200000000	-33.071823244765
2.8560300000000	-33.633705093628
2.8560400000000	-34.171255451763
2.8560500000000	-34.742817235346
2.8560600000000	-35.353060541283
2.8560700000000	-35.933613131541
2.8560800000000	-36.552880404805
2.8560900000000	-37.216316275014
2.8561000000000	-37.838508389428
2.8561100000000	-38.500191516167
2.8561200000000	-39.205513460510
2.8561300000000	-39.837445137380
2.8561400000000	-40.490530611064
2.8561500000000	-41.159286571997
2.8561600000000	-41.666891725099
2.8561700000000	-42.126009733889
2.8561800000000	-42.514312584106
2.8561900000000	-42.632226866489
2.8562000000000	-42.624003618109
2.8562100000000	-42.385084701226
2.8562200000000	-41.904653061936
2.8562300000000	-41.362416935104
2.8562400000000	-40.786128728197
2.8562500000000	-40.030869232054
2.8562600000000	-39.306471417982
2.8562700000000	-38.617901606858
2.8562800000000	-37.837788244795
2.8562900000000	-37.116552535171
2.8563000000000	-36.447801105388
2.8563100000000	-35.723319745736
2.8563200000000	-35.056500811513
2.8563300000000	-34.439563068772
2.8563400000000	-33.782185356179
2.8563500000000	-33.174944265445
2.8563600000000	-32.611173838326
2.8563700000000	-32.015072293345
2.8563800000000	-31.461646174084
2.8563900000000	-30.945552128657
2.8564000000000	-30.402477129997
2.8564100000000	-29.895867238001
2.8564200000000	-29.421462341958
2.8564300000000	-28.924142844325
2.8564400000000	-28.458287848776
2.8564500000000	-28.020466247228
2.8564600000000	-27.563051104385
2.8564700000000	-27.133061733730
2.8564800000000	-26.727699139455
2.8564900000000	-26.305547984669
2.8565000000000	-25.907518959873
2.8565100000000	-25.531301876351
2.8565200000000	-25.140704833827
2.8565300000000	-24.771489479259
2.8565400000000	-24.421730376567
2.8565500000000	-24.059679952699
2.8565600000000	-23.716709119078
2.8565700000000	-23.391200431903
2.8565800000000	-23.055225218345
2.8565900000000	-22.736375140800
2.8566000000000	-22.433282964764
2.8566100000000	-22.121329600433
2.8566200000000	-21.824827691359
2.8566300000000	-21.542615863389
2.8566400000000	-21.252965007119
2.8566500000000	-20.977322475071
2.8566600000000	-20.714698140336
2.8566700000000	-20.445903816567
2.8566800000000	-20.189866852725
2.8566900000000	-19.945740982098
2.8567000000000	-19.696586105092
2.8567100000000	-19.459100048050
2.8567200000000	-19.232558500848
2.8567300000000	-19.002021878904
2.8567400000000	-18.782204705915
2.8567500000000	-18.572486970432
2.8567600000000	-18.359718755804
2.8567700000000	-18.156841548414
2.8567800000000	-17.963325327271
2.8567900000000	-17.767628957849
2.8568000000000	-17.581101840707
2.8568100000000	-17.403292328934
2.8568200000000	-17.224111712339
2.8568300000000	-17.053474324722
2.8568400000000	-16.890997483332
2.8568500000000	-16.727908643683
2.8568600000000	-16.572824584003
2.8568700000000	-16.425424025777
2.8568800000000	-16.278130760246
2.8568900000000	-16.138385714581
2.8569000000000	-16.005923049570
2.8569100000000	-15.874256382924
2.8569200000000	-15.749759856018
2.8569300000000	-15.632218527332
2.8569400000000	-15.516139943031
2.8569500000000	-15.406930679901
2.8569600000000	-15.304423477443
2.8569700000000	-15.204032063491
2.8569800000000	-15.110287398014
2.8569900000000	-15.023067979630
2.8570000000000	-14.938611763082
2.8570100000000	-14.860661257787
2.8570200000000	-14.789140131358
2.8570300000000	-14.721031979517
2.8570400000000	-14.659375815094
2.8570500000000	-14.604141321585
2.8570600000000	-14.552979826434
2.8570700000000	-14.508312414992
2.8570800000000	-14.470157242758
2.8570900000000	-14.436752896298
2.8571000000000	-14.409992024277
2.8571100000000	-14.389945546531
2.8571200000000	-14.375352073844
2.8571300000000	-14.367673294737
2.8571400000000	-14.367039258278
2.8571500000000	-14.372588801319
2.8571600000000	-14.385463283665
2.8571700000000	-14.405860436610
2.8571800000000	-14.433198501333
2.8571900000000	-14.468428973209
2.8572000000000	-14.511827662984
2.8572100000000	-14.562937435994
2.8572200000000	-14.622678771651
2.8572300000000	-14.691416156189
2.8572400000000	-14.768607696310
2.8572500000000	-14.855340504480
2.8572600000000	-14.952073540123
2.8572700000000	-15.057881872944
2.8572800000000	-15.174266631761
2.8572900000000	-15.301768988378
2.8573000000000	-15.438634819679
2.8573100000000	-15.587082653051
2.8573200000000	-15.747672610192
2.8573300000000	-15.917123821642
2.8573400000000	-16.098718652021
2.8573500000000	-16.292844831956
2.8573600000000	-16.493567936265
2.8573700000000	-16.705560165456
2.8573800000000	-16.928556389842
2.8573900000000	-17.152150429756
2.8574000000000	-17.382564746681
2.8574100000000	-17.617871691265
2.8574200000000	-17.840540145535
2.8574300000000	-18.058263802775
2.8574400000000	-18.266004901399
2.8574500000000	-18.436689557469
2.8574600000000	-18.580091725941
2.8574700000000	-18.688168556403
2.8574800000000	-18.726685252129
2.8574900000000	-18.711596726474
2.8575000000000	-18.637435047880
2.8575100000000	-18.474240487378
2.8575200000000	-18.249352232799
2.8575300000000	-17.966183399261
2.8575400000000	-17.608235667657
2.8575500000000	-17.208151500755
2.8575600000000	-16.774017570838
2.8575700000000	-16.298992899544
2.8575800000000	-15.808674309835
2.8575900000000	-15.309012074123
2.8576000000000	-14.797337123415
2.8576100000000	-14.288025067160
2.8576200000000	-13.783713392963
2.8576300000000	-13.284436303959
2.8576400000000	-12.795461270337
2.8576500000000	-12.317446275289
2.8576600000000	-11.852991842953
2.8576700000000	-11.401241130089
2.8576800000000	-10.962007443878
2.8576900000000	-10.540197222622
2.8577000000000	-10.131008636859
2.8577100000000	-9.7339835497107
2.8577200000000	-9.3558853275767
2.8577300000000	-8.9893756476142
2.8577400000000	-8.6339605453313
2.8577500000000	-8.2977726482083
2.8577600000000	-7.9718543396058
2.8577700000000	-7.6557574693335
2.8577800000000	-7.3585408036350
2.8577900000000	-7.0702532698249
2.8578000000000	-6.7905124573928
2.8578100000000	-6.5289310941702
2.8578200000000	-6.2750128725219
2.8578300000000	-6.0284392409319
2.8578400000000	-5.7990772407119
2.8578500000000	-5.5762172048826
2.8578600000000	-5.3595965818156
2.8578700000000	-5.1591027905181
2.8578800000000	-4.9640616478815
2.8578900000000	-4.7742583616721
2.8579000000000	-4.5994235455666
2.8579100000000	-4.4291035815261
2.8579200000000	-4.2631243261020
2.8579300000000	-4.1109301218221
2.8579400000000	-3.9624217775526
2.8579500000000	-3.8174598776857
2.8579600000000	-3.6851122842830
2.8579700000000	-3.5557263029155
2.8579800000000	-3.4291922055601
2.8579900000000	-3.3141427675048
2.8580000000000	-3.2014299867706
2.8580100000000	-3.0909693788660
2.8580200000000	-2.9909247109592
2.8580300000000	-2.8926841731997
2.8580400000000	-2.7961845128427
2.8580500000000	-2.7091061693225
2.8580600000000	-2.6233837429332
2.8580700000000	-2.5389715745211
2.8580800000000	-2.4630661532292
2.8580900000000	-2.3881439031917
2.8581000000000	-2.3141734893415
2.8581100000000	-2.2478772659525
2.8581200000000	-2.1822577849392
2.8581300000000	-2.1172951496182
2.8581400000000	-2.0592544926125
2.8581500000000	-2.0016414778083
2.8581600000000	-1.9444451537110
2.8581700000000	-1.8934949728537
2.8581800000000	-1.8427721825383
2.8581900000000	-1.7922726691787
2.8582000000000	-1.7474144915782
2.8582100000000	-1.7026245564382
2.8582200000000	-1.6579038443831
2.8582300000000	-1.6182846488813
2.8582400000000	-1.5786087603483
2.8582500000000	-1.5388808394882
2.8582600000000	-1.5037733671498
2.8582700000000	-1.4685124752427
2.8582800000000	-1.4331053792872
2.8582900000000	-1.4018903085944
2.8583000000000	-1.3704481579870
2.8583100000000	-1.3387878186966
2.8583200000000	-1.3109379537568
2.8583300000000	-1.2828060691778
2.8583400000000	-1.2544020576323
2.8583500000000	-1.2294685155862
2.8583600000000	-1.2042131032574
2.8583700000000	-1.1786462074437
2.8583800000000	-1.1562464914168
2.8583900000000	-1.1334971358749
2.8584000000000	-1.1104086481450
2.8584100000000	-1.0902164377346
2.8584200000000	-1.0696564273237
2.8584300000000	-1.0487389765765
2.8584400000000	-1.0304754449471
2.8584500000000	-1.0118335411539
2.8584600000000	-0.99282329088147
2.8584700000000	-0.97624975490053
2.8584800000000	-0.95929322052501
2.8584900000000	-0.94196325583320
2.8585000000000	-0.92687497510692
2.8585100000000	-0.91140368654407
2.8585200000000	-0.89555842431947
2.8585300000000	-0.88177938094010
2.8585400000000	-0.86762086572988
2.8585500000000	-0.85309133782890
2.8585600000000	-0.84046984733290
2.8585700000000	-0.82747510612960
2.8585800000000	-0.81411498286617
2.8585900000000	-0.80252000609737
2.8586000000000	-0.79055999650008
2.8586100000000	-0.77824223512072
2.8586200000000	-0.76756027894596
2.8586300000000	-0.75652295588787
2.8586400000000	-0.74513697501858
2.8586500000000	-0.73526948656423
2.8586600000000	-0.72505730965229
2.8586700000000	-0.71450660551208
2.8586800000000	-0.70536777938205
2.8586900000000	-0.69589561149078
2.8587000000000	-0.68609574469661
2.8587100000000	-0.67761067550344
2.8587200000000	-0.66880400897329
2.8587300000000	-0.65968090207301
2.8587400000000	-0.65178402565891
2.8587500000000	-0.64357748279553
2.8587600000000	-0.63506597834432
2.8587700000000	-0.62769975441933
2.8587800000000	-0.62003581773545
2.8587900000000	-0.61207845493922
2.8588000000000	-0.60519225174517
2.8588100000000	-0.59802018678888
2.8588200000000	-0.59056616165273
2.8588300000000	-0.58411530985645
2.8588400000000	-0.57739024963078
2.8588500000000	-0.57039452934297
2.8588600000000	-0.56433951786559
2.8588700000000	-0.55802168302048
2.8588800000000	-0.55144425015137
2.8588900000000	-0.54575004121190
2.8589000000000	-0.53980407447721
2.8589100000000	-0.53360928059464
2.8589200000000	-0.52824472504581
2.8589300000000	-0.52263912194977
2.8589400000000	-0.51679513361926
2.8589500000000	-0.51173247080637
2.8589600000000	-0.50643909168326
2.8589700000000	-0.50091741461136
2.8589800000000	-0.49613184358841
2.8589900000000	-0.49112549434876
2.8590000000000	-0.48590056373983
2.8590100000000	-0.48136987485006
2.8590200000000	-0.47662794602530
2.8590300000000	-0.47167677316038
2.8590400000000	-0.46738103077860
2.8590500000000	-0.46288318604738
2.8590600000000	-0.45818505269024
2.8590700000000	-0.45410632141605
2.8590800000000	-0.44983422823601
2.8590900000000	-0.44537042181334
2.8591000000000	-0.44149252964123
2.8591100000000	-0.43742962577975
2.8591200000000	-0.43318320938596
2.8591300000000	-0.42949154240863
2.8591400000000	-0.42562283314458
2.8591500000000	-0.42157844536086
2.8591600000000	-0.41805976941851
2.8591700000000	-0.41437165100343
2.8591800000000	-0.41051533128582
2.8591900000000	-0.40715763668934
2.8592000000000	-0.40363774233791
2.8592100000000	-0.39995677838440
2.8592200000000	-0.39674914443987
2.8592300000000	-0.39338620968704
2.8592400000000	-0.38986900373682
2.8592500000000	-0.38680148029368
2.8592600000000	-0.38358522503777
2.8592700000000	-0.38022117650746
2.8592800000000	-0.37728468017714
2.8592900000000	-0.37420570512730
2.8593000000000	-0.37098510737897
2.8593100000000	-0.36817133041863
2.8593200000000	-0.36522102599971
2.8593300000000	-0.36213497535332
2.8593400000000	-0.35943630550742
2.8593500000000	-0.35660677156488
2.8593600000000	-0.35364708694600
2.8593700000000	-0.35105653678606
2.8593800000000	-0.34834051166895
2.8593900000000	-0.34549966350597
2.8594000000000	-0.34301080802129
2.8594100000000	-0.34040160582668
2.8594200000000	-0.33767265301577
2.8594300000000	-0.33527957438391
2.8594400000000	-0.33277102931658
2.8594500000000	-0.33014756322986
2.8594600000000	-0.32784480184818
2.8594700000000	-0.32543121879667
2.8594800000000	-0.32290731345673
2.8594900000000	-0.32068982444419
2.8595000000000	-0.31836593499669
2.8595100000000	-0.31593610265605
2.8595200000000	-0.31379921714190
2.8595300000000	-0.31156014037235
2.8595400000000	-0.30921929184200
2.8595500000000	-0.30715868245276
2.8595600000000	-0.30499988989835
2.8595700000000	-0.30274329905398
2.8595800000000	-0.30075494908916
2.8595900000000	-0.29867223341482
2.8596000000000	-0.29649550538737
2.8596100000000	-0.29457568124041
2.8596200000000	-0.29256512815527
2.8596300000000	-0.29046417077551
2.8596400000000	-0.28860939721655
2.8596500000000	-0.28666736026186
2.8596600000000	-0.28463835838177
2.8596700000000	-0.28284539636810
2.8596800000000	-0.28096847424567
2.8596900000000	-0.27900786661213
2.8597000000000	-0.27727369333445
2.8597100000000	-0.27545870948675
2.8597200000000	-0.27356316787848
2.8597300000000	-0.27188495878844
2.8597400000000	-0.27012894297701
2.8597500000000	-0.26829535335519
2.8597600000000	-0.26667046595276
2.8597700000000	-0.26497063761425
2.8597800000000	-0.26319608306632
2.8597900000000	-0.26162204225010
2.8598000000000	-0.25997579543408
2.8598100000000	-0.25825754071701
2.8598200000000	-0.25673202552780
2.8598300000000	-0.25513691524759
2.8598400000000	-0.25347239275991
2.8598500000000	-0.25199322436690
2.8598600000000	-0.25044695421070
2.8598700000000	-0.24883375124341
2.8598800000000	-0.24739888203971
2.8598900000000	-0.24589929291074
2.8599000000000	-0.24433514004461
2.8599100000000	-0.24294264373608
2.8599200000000	-0.24148770360405
2.8599300000000	-0.23997046413440
2.8599400000000	-0.23861852671828
2.8599500000000	-0.23720632127846
2.8599600000000	-0.23573398156533
2.8599700000000	-0.23442089310743
2.8599800000000	-0.23304961725559
2.8599900000000	-0.23162027790514
2.8600000000000	-0.23034442503436
