#Parameters = {n=0.01; f0=2856000000; lambda=0.10496934803922; l=0.0010496934803922; LL=0.07}
#"Frequency / GHz"	"S1,1 (7) [Magnitude in dB]"
#----------------------------------------------
2.8500000000000	-0.23088226812115
2.8500100000000	-0.23239124555602
2.8500200000000	-0.23384245171473
2.8500300000000	-0.23523583195122
2.8500400000000	-0.23679549003455
2.8500500000000	-0.23829505202336
2.8500600000000	-0.23973445684351
2.8500700000000	-0.24134733949199
2.8500800000000	-0.24289767867727
2.8500900000000	-0.24438540611992
2.8501000000000	-0.24605422899102
2.8501100000000	-0.24765793074048
2.8501200000000	-0.24919643500786
2.8501300000000	-0.25092410002150
2.8501400000000	-0.25258392767950
2.8501500000000	-0.25417583255284
2.8501600000000	-0.25596544387708
2.8501700000000	-0.25768435416366
2.8501800000000	-0.25933246780172
2.8501900000000	-0.26118734947416
2.8502000000000	-0.26296850947916
2.8502100000000	-0.26467584076588
2.8502200000000	-0.26659955614406
2.8502300000000	-0.26844636210261
2.8502400000000	-0.27021613873077
2.8502500000000	-0.27221251198841
2.8502600000000	-0.27412861005746
2.8502700000000	-0.27596429856173
2.8502800000000	-0.27803743847993
2.8502900000000	-0.28002674775838
2.8503000000000	-0.28193207573908
2.8503100000000	-0.28408640207270
2.8503200000000	-0.28615314014494
2.8503300000000	-0.28813212095973
2.8503400000000	-0.29037239370059
2.8503500000000	-0.29252110502195
2.8503600000000	-0.29457806526059
2.8503700000000	-0.29690941715885
2.8503800000000	-0.29914500464399
2.8503900000000	-0.30128461474527
2.8504000000000	-0.30371258750883
2.8504100000000	-0.30604034774036
2.8504200000000	-0.30826765616581
2.8504300000000	-0.31079824080936
2.8504400000000	-0.31322390333744
2.8504500000000	-0.31554437477307
2.8504600000000	-0.31818405666201
2.8504700000000	-0.32071382794384
2.8504800000000	-0.32313338607495
2.8504900000000	-0.32588919528764
2.8505000000000	-0.32852980788601
2.8505100000000	-0.33105488336959
2.8505200000000	-0.33393445109091
2.8505300000000	-0.33669321885520
2.8505400000000	-0.33933080321125
2.8505500000000	-0.34234242498184
2.8505600000000	-0.34522730503654
2.8505700000000	-0.34798501128931
2.8505800000000	-0.35113771805382
2.8505900000000	-0.35415738054880
2.8506000000000	-0.35704351157998
2.8506100000000	-0.36034714962919
2.8506200000000	-0.36351105635710
2.8506300000000	-0.36653468208565
2.8506400000000	-0.37000000314708
2.8506500000000	-0.37331849630211
2.8506600000000	-0.37648954098002
2.8506700000000	-0.38012830391948
2.8506800000000	-0.38361270648024
2.8506900000000	-0.38694204760695
2.8507000000000	-0.39076713342512
2.8507100000000	-0.39442986287631
2.8507200000000	-0.39792944347655
2.8507300000000	-0.40195498556019
2.8507400000000	-0.40580968295544
2.8507500000000	-0.40949263925575
2.8507600000000	-0.41373417115768
2.8507700000000	-0.41779584784526
2.8507800000000	-0.42167665472391
2.8507900000000	-0.42615127811825
2.8508000000000	-0.43043648284617
2.8508100000000	-0.43453111983500
2.8508200000000	-0.43925769573212
2.8508300000000	-0.44378470530244
2.8508400000000	-0.44811084638721
2.8508500000000	-0.45311021320325
2.8508600000000	-0.45789925037751
2.8508700000000	-0.46247648141293
2.8508800000000	-0.46777170410125
2.8508900000000	-0.47284518710328
2.8509000000000	-0.47769525531569
2.8509100000000	-0.48331191046841
2.8509200000000	-0.48869473916954
2.8509300000000	-0.49384184000564
2.8509400000000	-0.49980834268879
2.8509500000000	-0.50552822745551
2.8509600000000	-0.51099933497130
2.8509700000000	-0.51734731403442
2.8509800000000	-0.52343515425432
2.8509900000000	-0.52926040233639
2.8510000000000	-0.53602513211340
2.8510100000000	-0.54251545266586
2.8510200000000	-0.54872857568757
2.8510300000000	-0.55594947337976
2.8510400000000	-0.56288092876482
2.8510500000000	-0.56951977182757
2.8510600000000	-0.57724097148098
2.8510700000000	-0.58465692905849
2.8510800000000	-0.59176403980624
2.8510900000000	-0.60003505570646
2.8511000000000	-0.60798427153165
2.8511100000000	-0.61560758768619
2.8511200000000	-0.62448408222571
2.8511300000000	-0.63302148535288
2.8511400000000	-0.64121513469136
2.8511500000000	-0.65075980840166
2.8511600000000	-0.65994741236053
2.8511700000000	-0.66877264486012
2.8511800000000	-0.67905626933962
2.8511900000000	-0.68896423276111
2.8512000000000	-0.69849050816801
2.8512100000000	-0.70959312621615
2.8512200000000	-0.72030098843066
2.8512300000000	-0.73060724664138
2.8512400000000	-0.74261956798587
2.8512500000000	-0.75421768982770
2.8512600000000	-0.76539383624013
2.8512700000000	-0.77841886194207
2.8512800000000	-0.79101010708481
2.8512900000000	-0.80315875057003
2.8513000000000	-0.81731366448851
2.8513100000000	-0.83101536236798
2.8513200000000	-0.84425384973318
2.8513300000000	-0.85967222130959
2.8513400000000	-0.87461845908772
2.8513500000000	-0.88908125686298
2.8513600000000	-0.90591560590893
2.8513700000000	-0.92225990391371
2.8513800000000	-0.93810138586768
2.8513900000000	-0.95652616675886
2.8514000000000	-0.97444459915483
2.8514100000000	-0.99184230595227
2.8514200000000	-1.0120573754278
2.8514300000000	-1.0317522052548
2.8514400000000	-1.0509106507214
2.8514500000000	-1.0731452896533
2.8514600000000	-1.0948491941109
2.8514700000000	-1.1160042999172
2.8514800000000	-1.1405218643384
2.8514900000000	-1.1645028314542
2.8515000000000	-1.1879270777844
2.8515100000000	-1.2150303565542
2.8515200000000	-1.2415973365957
2.8515300000000	-1.2676057187641
2.8515400000000	-1.2976430729159
2.8515500000000	-1.3271524651675
2.8515600000000	-1.3561093430407
2.8515700000000	-1.3894816923311
2.8515800000000	-1.4223447371463
2.8515900000000	-1.4546716523630
2.8516000000000	-1.4918403543709
2.8516100000000	-1.5285314779716
2.8516200000000	-1.5647159891996
2.8516300000000	-1.6062116211369
2.8516400000000	-1.6472777416430
2.8516500000000	-1.6878832850911
2.8516600000000	-1.7343152827863
2.8516700000000	-1.7803860245560
2.8516800000000	-1.8260627395922
2.8516900000000	-1.8781297663776
2.8517000000000	-1.9299284400571
2.8517100000000	-1.9814248017396
2.8517200000000	-2.0399256065498
2.8517300000000	-2.0982806888222
2.8517400000000	-2.1564556551003
2.8517500000000	-2.2223000317647
2.8517600000000	-2.2881567198465
2.8517700000000	-2.3539919303081
2.8517800000000	-2.4282112108485
2.8517900000000	-2.5026424364515
2.8518000000000	-2.5772537980275
2.8518100000000	-2.6610101150145
2.8518200000000	-2.7452261976455
2.8518300000000	-2.8298739812212
2.8518400000000	-2.9244673463994
2.8518500000000	-3.0198232798609
2.8518600000000	-3.1159196703072
2.8518700000000	-3.2227917883454
2.8518800000000	-3.3307910449667
2.8518900000000	-3.4399040012968
2.8519000000000	-3.5606377431457
2.8519100000000	-3.6829315295663
2.8519200000000	-3.8067839121111
2.8519300000000	-3.9430976048218
2.8519400000000	-4.0814788100069
2.8519500000000	-4.2219421227121
2.8519600000000	-4.3756783669867
2.8519700000000	-4.5320701015893
2.8519800000000	-4.6911529702041
2.8519900000000	-4.8642626316569
2.8520000000000	-5.0407023120942
2.8520100000000	-5.2205350004907
2.8520200000000	-5.4150583057943
2.8520300000000	-5.6136796241785
2.8520400000000	-5.8164973817689
2.8520500000000	-6.0345455007772
2.8520600000000	-6.2575621057968
2.8520700000000	-6.4856916458679
2.8520800000000	-6.7294333620685
2.8520900000000	-6.9791291960906
2.8521000000000	-7.2349835932699
2.8521100000000	-7.5066420192084
2.8521200000000	-7.7853732869327
2.8521300000000	-8.0714602301874
2.8521400000000	-8.3733232703333
2.8521500000000	-8.6835350848815
2.8521600000000	-9.0024806936454
2.8521700000000	-9.3369230660513
2.8521800000000	-9.6811765685808
2.8521900000000	-10.035758079170
2.8522000000000	-10.405264988762
2.8522100000000	-10.786260331256
2.8522200000000	-11.179427109179
2.8522300000000	-11.586583345182
2.8522400000000	-12.007131381980
2.8522500000000	-12.441953012448
2.8522600000000	-12.889315944409
2.8522700000000	-13.352151977080
2.8522800000000	-13.831553579021
2.8522900000000	-14.321221015221
2.8523000000000	-14.828413105772
2.8523100000000	-15.354372204802
2.8523200000000	-15.886819781513
2.8523300000000	-16.438214608634
2.8523400000000	-17.009687462278
2.8523500000000	-17.580953382327
2.8523600000000	-18.170475432423
2.8523700000000	-18.778540273106
2.8523800000000	-19.374010252270
2.8523900000000	-19.981754969539
2.8524000000000	-20.599664241974
2.8524100000000	-21.182569113358
2.8524200000000	-21.761522884091
2.8524300000000	-22.330186703189
2.8524400000000	-22.829344628388
2.8524500000000	-23.296780055800
2.8524600000000	-23.723739170108
2.8524700000000	-24.047983826370
2.8524800000000	-24.317285496035
2.8524900000000	-24.528892340670
2.8525000000000	-24.636720202145
2.8525100000000	-24.695561256469
2.8525200000000	-24.711307555241
2.8525300000000	-24.658398938064
2.8525400000000	-24.583715889077
2.8525500000000	-24.494157323121
2.8525600000000	-24.375618317795
2.8525700000000	-24.258694541601
2.8525800000000	-24.147227813840
2.8525900000000	-24.032428202294
2.8526000000000	-23.931468307416
2.8526100000000	-23.845886153624
2.8526200000000	-23.769830012369
2.8526300000000	-23.712513011378
2.8526400000000	-23.674516525872
2.8526500000000	-23.651520727000
2.8526600000000	-23.648873856098
2.8526700000000	-23.666933075900
2.8526800000000	-23.701659368776
2.8526900000000	-23.757099765188
2.8527000000000	-23.833633401876
2.8527100000000	-23.926274430357
2.8527200000000	-24.039335314587
2.8527300000000	-24.173142437779
2.8527400000000	-24.320429705647
2.8527500000000	-24.486681318895
2.8527600000000	-24.671743892422
2.8527700000000	-24.864419449304
2.8527800000000	-25.071643748842
2.8527900000000	-25.291788560014
2.8528000000000	-25.507601472262
2.8528100000000	-25.726976813972
2.8528200000000	-25.945152475796
2.8528300000000	-26.136926941187
2.8528400000000	-26.310375294371
2.8528500000000	-26.456740361854
2.8528600000000	-26.544869023970
2.8528700000000	-26.584816350823
2.8528800000000	-26.568256566843
2.8528900000000	-26.469092659521
2.8529000000000	-26.304824293824
2.8529100000000	-26.075894755177
2.8529200000000	-25.772399402917
2.8529300000000	-25.417242520055
2.8529400000000	-25.018164857580
2.8529500000000	-24.577479468161
2.8529600000000	-24.112605363222
2.8529700000000	-23.630567614742
2.8529800000000	-23.137390558156
2.8529900000000	-22.640445894263
2.8530000000000	-22.143359033451
2.8530100000000	-21.652804058459
2.8530200000000	-21.168402769646
2.8530300000000	-20.691422597554
2.8530400000000	-20.228926791451
2.8530500000000	-19.776028010898
2.8530600000000	-19.332883256618
2.8530700000000	-18.906998682240
2.8530800000000	-18.491154438165
2.8530900000000	-18.085087902268
2.8531000000000	-17.696666143608
2.8531100000000	-17.317560612908
2.8531200000000	-16.947394446803
2.8531300000000	-16.594246888782
2.8531400000000	-16.249340402817
2.8531500000000	-15.912302871578
2.8531600000000	-15.591281202697
2.8531700000000	-15.277405259484
2.8531800000000	-14.970347036441
2.8531900000000	-14.678206135178
2.8532000000000	-14.392214621054
2.8532100000000	-14.112096311327
2.8532200000000	-13.845820269766
2.8532300000000	-13.584827686433
2.8532400000000	-13.328890427762
2.8532500000000	-13.085790242552
2.8532600000000	-12.847235107685
2.8532700000000	-12.613037834066
2.8532800000000	-12.390756177915
2.8532900000000	-12.172394080561
2.8533000000000	-11.957797987360
2.8533100000000	-11.754279915336
2.8533200000000	-11.554151743960
2.8533300000000	-11.357287101579
2.8533400000000	-11.170740256897
2.8533500000000	-10.987133481154
2.8533600000000	-10.806362235716
2.8533700000000	-10.635219283556
2.8533800000000	-10.466632570584
2.8533900000000	-10.300515081433
2.8534000000000	-10.143399337081
2.8534100000000	-9.9885105255579
2.8534200000000	-9.8357757293123
2.8534300000000	-9.6914721989969
2.8534400000000	-9.5491114607343
2.8534500000000	-9.4086319868148
2.8534600000000	-9.2760633051310
2.8534700000000	-9.1451908761325
2.8534800000000	-9.0159624226643
2.8534900000000	-8.8941690536243
2.8535000000000	-8.7738569015235
2.8535100000000	-8.6549812459524
2.8535200000000	-8.5431052388641
2.8535300000000	-8.4325219964897
2.8535400000000	-8.3231930085243
2.8535500000000	-8.2204646509523
2.8535600000000	-8.1188632063562
2.8535700000000	-8.0183552979772
2.8535800000000	-7.9240821011961
2.8535900000000	-7.8307893255919
2.8536000000000	-7.7384478616715
2.8536100000000	-7.6520054133284
2.8536200000000	-7.5664136014599
2.8536300000000	-7.4816468817100
2.8536400000000	-7.4024711909753
2.8536500000000	-7.3240308721920
2.8536600000000	-7.2463033726403
2.8536700000000	-7.1738844102681
2.8536800000000	-7.1020982592063
2.8536900000000	-7.0309248861110
2.8537000000000	-6.9648010852148
2.8537100000000	-6.8992187188165
2.8537200000000	-6.8341598808843
2.8537300000000	-6.7739134148877
2.8537400000000	-6.7141269087160
2.8537500000000	-6.6547842555468
2.8537600000000	-6.6000369500428
2.8537700000000	-6.5456769434088
2.8537800000000	-6.4916896513030
2.8537900000000	-6.4420994178165
2.8538000000000	-6.3928317056454
2.8538100000000	-6.3438732178462
2.8538200000000	-6.2991309219498
2.8538300000000	-6.2546534535059
2.8538400000000	-6.2104286019364
2.8538500000000	-6.1702552969184
2.8538600000000	-6.1302955185175
2.8538700000000	-6.0905379695960
2.8538800000000	-6.0546824413514
2.8538900000000	-6.0189949332634
2.8539000000000	-5.9834649121603
2.8539100000000	-5.9517014920414
2.8539200000000	-5.9200658598636
2.8539300000000	-5.8885481167151
2.8539400000000	-5.8606747275510
2.8539500000000	-5.8328937159675
2.8539600000000	-5.8051957044277
2.8539700000000	-5.7810321114416
2.8539800000000	-5.7569299141745
2.8539900000000	-5.7328801580684
2.8540000000000	-5.7122664013453
2.8540100000000	-5.6916871456030
2.8540200000000	-5.6711337734803
2.8540300000000	-5.6539287625260
2.8540400000000	-5.6367351497492
2.8540500000000	-5.6195445802991
2.8540600000000	-5.6056248341391
2.8540700000000	-5.5916969214992
2.8540800000000	-5.5777526852275
2.8540900000000	-5.5670112038550
2.8541000000000	-5.5562453130947
2.8541100000000	-5.5454469975790
2.8541200000000	-5.5377922523325
2.8541300000000	-5.5300999941815
2.8541400000000	-5.5223623017312
2.8541500000000	-5.5177173336610
2.8541600000000	-5.5130247373770
2.8541700000000	-5.5082766451299
2.8541800000000	-5.5065782615532
2.8541900000000	-5.5048250002227
2.8542000000000	-5.5030090137059
2.8542100000000	-5.5042070741054
2.8542200000000	-5.5053457771975
2.8542300000000	-5.5064172691714
2.8542400000000	-5.5104740523711
2.8542500000000	-5.5144696977674
2.8542600000000	-5.5183963248560
2.8542700000000	-5.5252859700581
2.8542800000000	-5.5321153483889
2.8542900000000	-5.5388765385560
2.8543000000000	-5.5485845533758
2.8543100000000	-5.5582357980083
2.8543200000000	-5.5678223024309
2.8543300000000	-5.5803451315388
2.8543400000000	-5.5928173080063
2.8543500000000	-5.6052308113077
2.8543600000000	-5.6205754596994
2.8543700000000	-5.6358782087583
2.8543800000000	-5.6511309919458
2.8543900000000	-5.6693146972309
2.8544000000000	-5.6874679260664
2.8544100000000	-5.7055825768368
2.8544200000000	-5.7266325252613
2.8544300000000	-5.7476661417059
2.8544400000000	-5.7686753071121
2.8544500000000	-5.7926283883495
2.8544600000000	-5.8165820732592
2.8544700000000	-5.8405282500051
2.8544800000000	-5.8674308460558
2.8544900000000	-5.8943538593036
2.8545000000000	-5.9212892172618
2.8545100000000	-5.9511970210888
2.8545200000000	-5.9811480369376
2.8545300000000	-6.0111342717682
2.8545400000000	-6.0441121316519
2.8545500000000	-6.0771590996068
2.8545600000000	-6.1102673107081
2.8545700000000	-6.1463890966271
2.8545800000000	-6.1826091242212
2.8545900000000	-6.2189197146337
2.8546000000000	-6.2582682034006
2.8546100000000	-6.2977474577887
2.8546200000000	-6.3373500530812
2.8546300000000	-6.3800168294074
2.8546400000000	-6.4228504551533
2.8546500000000	-6.4658438388782
2.8546600000000	-6.5119292101028
2.8546700000000	-6.5582212610622
2.8546800000000	-6.6047133249147
2.8546900000000	-6.6543262477329
2.8547000000000	-6.7041896316717
2.8547100000000	-6.7542973392671
2.8547200000000	-6.8075556408595
2.8547300000000	-6.8611123644817
2.8547400000000	-6.9149620218556
2.8547500000000	-6.9719915143618
2.8547600000000	-7.0293718034005
2.8547700000000	-7.0870981861350
2.8547800000000	-7.1480334477470
2.8547900000000	-7.2093765643342
2.8548000000000	-7.2711237734705
2.8548100000000	-7.3361078542586
2.8548200000000	-7.4015618224116
2.8548300000000	-7.4674830317760
2.8548400000000	-7.5366674459676
2.8548500000000	-7.6063890709934
2.8548600000000	-7.6766465763877
2.8548700000000	-7.7501913167681
2.8548800000000	-7.8243462302581
2.8548900000000	-7.8991115281420
2.8549000000000	-7.9771851088443
2.8549100000000	-8.0559478463194
2.8549200000000	-8.1354017498884
2.8549300000000	-8.2181812855026
2.8549400000000	-8.3017354054503
2.8549500000000	-8.3860682077633
2.8549600000000	-8.4737395384603
2.8549700000000	-8.5622777934103
2.8549800000000	-8.6516894893382
2.8549900000000	-8.7444473634282
2.8550000000000	-8.8381719356442
2.8550100000000	-8.9328725163240
2.8550200000000	-9.0309208436263
2.8550300000000	-9.1300436598906
2.8550400000000	-9.2302534956225
2.8550500000000	-9.3338056867194
2.8550600000000	-9.4385488287343
2.8550700000000	-9.5444991582898
2.8550800000000	-9.6537785665782
2.8550900000000	-9.7643747953374
2.8551000000000	-9.8763083417345
2.8551100000000	-9.9915488268163
2.8551200000000	-10.108242241193
2.8551300000000	-10.226413976169
2.8551400000000	-10.347860608627
2.8551500000000	-10.470907460068
2.8551600000000	-10.595585541235
2.8551700000000	-10.723495470155
2.8551800000000	-10.853165157011
2.8551900000000	-10.984632063716
2.8552000000000	-11.119275569410
2.8552100000000	-11.255851835666
2.8552200000000	-11.394405731064
2.8552300000000	-11.536067486290
2.8552400000000	-11.679849850661
2.8552500000000	-11.825806199270
2.8552600000000	-11.974786762611
2.8552700000000	-12.126092204864
2.8552800000000	-12.279785675969
2.8552900000000	-12.436403241373
2.8553000000000	-12.595568173193
2.8553100000000	-12.757354861875
2.8553200000000	-12.921947287848
2.8553300000000	-13.089329835948
2.8553400000000	-13.259589834232
2.8553500000000	-13.432516975493
2.8553600000000	-13.608499604300
2.8553700000000	-13.787639955469
2.8553800000000	-13.969286318314
2.8553900000000	-14.154278818832
2.8554000000000	-14.342736888248
2.8554100000000	-14.533514628496
2.8554200000000	-14.727957498230
2.8554300000000	-14.926204793070
2.8554400000000	-15.126557071877
2.8554500000000	-15.330925308125
2.8554600000000	-15.539471777144
2.8554700000000	-15.749876484926
2.8554800000000	-15.964683809191
2.8554900000000	-16.184082650246
2.8555000000000	-16.405056501684
2.8555100000000	-16.630860027072
2.8555200000000	-16.861713025493
2.8555300000000	-17.093816019138
2.8555400000000	-17.331221363570
2.8555500000000	-17.574184776889
2.8555600000000	-17.818025000756
2.8555700000000	-18.067691838041
2.8555800000000	-18.323482833120
2.8555900000000	-18.579721583448
2.8556000000000	-18.842369611217
2.8556100000000	-19.111773249145
2.8556200000000	-19.381130416084
2.8556300000000	-19.657545708473
2.8556400000000	-19.941422464112
2.8556500000000	-20.224682131347
2.8556600000000	-20.515723842231
2.8556700000000	-20.815017649915
2.8556800000000	-21.113033869693
2.8556900000000	-21.419641276671
2.8557000000000	-21.735388130375
2.8557100000000	-22.049090900164
2.8557200000000	-22.372290866318
2.8557300000000	-22.705628117204
2.8557400000000	-23.036029756623
2.8557500000000	-23.376944904593
2.8557600000000	-23.729121674117
2.8557700000000	-24.077324187047
2.8557800000000	-24.437182559578
2.8557900000000	-24.809572284042
2.8558000000000	-25.176777082393
2.8558100000000	-25.556925034774
2.8558200000000	-25.951042361081
2.8558300000000	-26.338565243125
2.8558400000000	-26.740487165424
2.8558500000000	-27.158013707929
2.8558600000000	-27.567310716953
2.8558700000000	-27.992662501731
2.8558800000000	-28.435490064834
2.8558900000000	-28.868204413239
2.8559000000000	-29.318873062988
2.8559100000000	-29.789179657152
2.8559200000000	-30.247226600978
2.8559300000000	-30.725436211810
2.8559400000000	-31.225819637292
2.8559500000000	-31.711533382674
2.8559600000000	-32.220025316878
2.8559700000000	-32.753727360049
2.8559800000000	-33.270092568202
2.8559900000000	-33.812401546913
2.8560000000000	-34.383643829079
2.8560100000000	-34.934590230469
2.8560200000000	-35.515369115362
2.8560300000000	-36.129718158034
2.8560400000000	-36.720238766444
2.8560500000000	-37.345264658098
2.8560600000000	-38.009476029333
2.8560700000000	-38.644547160095
2.8560800000000	-39.318876027040
2.8560900000000	-40.037928148885
2.8561000000000	-40.716339597579
2.8561100000000	-41.434839441386
2.8561200000000	-42.197588832823
2.8561300000000	-42.887609292239
2.8561400000000	-43.599441137234
2.8561500000000	-44.327616430510
2.8561600000000	-44.895366722366
2.8561700000000	-45.415354434559
2.8561800000000	-45.865269288619
2.8561900000000	-46.045589477157
2.8562000000000	-46.100568321365
2.8562100000000	-45.925687726746
2.8562200000000	-45.510161030782
2.8562300000000	-45.033713214342
2.8562400000000	-44.524120456216
2.8562500000000	-43.836521010358
2.8562600000000	-43.180761327616
2.8562700000000	-42.561835364863
2.8562800000000	-41.852428897708
2.8562900000000	-41.202985537180
2.8563000000000	-40.607144145529
2.8563100000000	-39.956746263287
2.8563200000000	-39.365218635440
2.8563300000000	-38.824817764581
2.8563400000000	-38.245274726629
2.8563500000000	-37.717216375748
2.8563600000000	-37.234021107907
2.8563700000000	-36.719933308051
2.8563800000000	-36.250030595942
2.8563900000000	-35.819021978119
2.8564000000000	-35.362631141069
2.8564100000000	-34.944402319753
2.8564200000000	-34.560137496903
2.8564300000000	-34.154739834666
2.8564400000000	-33.782721746674
2.8564500000000	-33.440726122734
2.8564600000000	-33.081128777493
2.8564700000000	-32.751127820917
2.8564800000000	-32.448012886831
2.8564900000000	-32.130343119290
2.8565000000000	-31.839266945691
2.8565100000000	-31.572580870993
2.8565200000000	-31.294027771035
2.8565300000000	-31.039683624342
2.8565400000000	-30.807752062596
2.8565500000000	-30.566364492788
2.8565600000000	-30.347306141726
2.8565700000000	-30.149116376393
2.8565800000000	-29.943666678100
2.8565900000000	-29.759094272961
2.8566000000000	-29.594223043985
2.8566100000000	-29.424121664137
2.8566200000000	-29.273821695217
2.8566300000000	-29.142394892697
2.8566400000000	-29.007637611333
2.8566500000000	-28.891946467324
2.8566600000000	-28.794614725026
2.8566700000000	-28.695741472200
2.8566800000000	-28.615510852414
2.8566900000000	-28.553417043699
2.8567000000000	-28.491450623157
2.8567100000000	-28.447977525325
2.8567200000000	-28.422670813907
2.8567300000000	-28.398974752991
2.8567400000000	-28.393819768263
2.8567500000000	-28.407019346372
2.8567600000000	-28.422944953754
2.8567700000000	-28.457471971146
2.8567800000000	-28.510465298602
2.8567900000000	-28.566501889924
2.8568000000000	-28.640770172282
2.8568100000000	-28.732970033143
2.8568200000000	-28.826779089367
2.8568300000000	-28.936999857945
2.8568400000000	-29.062666524448
2.8568500000000	-29.184771671506
2.8568600000000	-29.317852775192
2.8568700000000	-29.459268727469
2.8568800000000	-29.584614189112
2.8568900000000	-29.708127863593
2.8569000000000	-29.824108530740
2.8569100000000	-29.899958424952
2.8569200000000	-29.950610587823
2.8569300000000	-29.967609148870
2.8569400000000	-29.911563796016
2.8569500000000	-29.803328900859
2.8569600000000	-29.637568796969
2.8569700000000	-29.377982432403
2.8569800000000	-29.058321586610
2.8569900000000	-28.682614269742
2.8570000000000	-28.225472543368
2.8570100000000	-27.728652557267
2.8570200000000	-27.200808724288
2.8570300000000	-26.623499794417
2.8570400000000	-26.034002464039
2.8570500000000	-25.438500200112
2.8570600000000	-24.820899290037
2.8570700000000	-24.208942363234
2.8570800000000	-23.605230643673
2.8570900000000	-22.995560325906
2.8571000000000	-22.399330768058
2.8571100000000	-21.817025021080
2.8571200000000	-21.236927585741
2.8571300000000	-20.672390294962
2.8571400000000	-20.123002301437
2.8571500000000	-19.579760425104
2.8571600000000	-19.051686711242
2.8571700000000	-18.538098694618
2.8571800000000	-18.032583213444
2.8571900000000	-17.540928647037
2.8572000000000	-17.062440892544
2.8572100000000	-16.593041089011
2.8572200000000	-16.135977663555
2.8572300000000	-15.690636880396
2.8572400000000	-15.255000731025
2.8572500000000	-14.830235642119
2.8572600000000	-14.415830434679
2.8572700000000	-14.011577660740
2.8572800000000	-13.616882932563
2.8572900000000	-13.231333238781
2.8573000000000	-12.856311965756
2.8573100000000	-12.489704834644
2.8573200000000	-12.131183974627
2.8573300000000	-11.783530222215
2.8573400000000	-11.443302846930
2.8573500000000	-11.110244556485
2.8573600000000	-10.788359805402
2.8573700000000	-10.473046922430
2.8573800000000	-10.164105708229
2.8573900000000	-9.8666038876800
2.8574000000000	-9.5749282856105
2.8574100000000	-9.2889241925736
2.8574200000000	-9.0145713697291
2.8574300000000	-8.7453855687567
2.8574400000000	-8.4812479636170
2.8574500000000	-8.2289056538742
2.8574600000000	-7.9811386213038
2.8574700000000	-7.7378561823614
2.8574800000000	-7.5064335963632
2.8574900000000	-7.2790468907017
2.8575000000000	-7.0556274404277
2.8575100000000	-6.8440451922113
2.8575200000000	-6.6360005937263
2.8575300000000	-6.4314424195827
2.8575400000000	-6.2386085324800
2.8575500000000	-6.0488476987854
2.8575600000000	-5.8621226172370
2.8575700000000	-5.6869204121980
2.8575800000000	-5.5143559194298
2.8575900000000	-5.3444032261511
2.8576000000000	-5.1856896753111
2.8576100000000	-5.0292058662355
2.8576200000000	-4.8749354419092
2.8576300000000	-4.7315478355386
2.8576400000000	-4.5900092392422
2.8576500000000	-4.4503115053633
2.8576600000000	-4.3210798755306
2.8576700000000	-4.1933446463719
2.8576800000000	-4.0671048364684
2.8576900000000	-3.9508675296365
2.8577000000000	-3.8358033830525
2.8577100000000	-3.7219177020114
2.8577200000000	-3.6175377557986
2.8577300000000	-3.5140381997296
2.8577400000000	-3.4114298158755
2.8577500000000	-3.3178102775667
2.8577600000000	-3.2248094462894
2.8577700000000	-3.1324427888761
2.8577800000000	-3.0485396974608
2.8577900000000	-2.9650246747650
2.8578000000000	-2.8819170801225
2.8578100000000	-2.8067494108515
2.8578200000000	-2.7317694795780
2.8578300000000	-2.6569997503568
2.8578400000000	-2.5896561129567
2.8578500000000	-2.5223288218959
2.8578600000000	-2.4550426799018
2.8578700000000	-2.3946849280942
2.8578800000000	-2.3341991938289
2.8578900000000	-2.2736118955449
2.8579000000000	-2.2194760392939
2.8579100000000	-2.1650926999907
2.8579200000000	-2.1104892515185
2.8579300000000	-2.0618841804806
2.8579400000000	-2.0129345099400
2.8579500000000	-1.9636679862052
2.8579600000000	-1.9199725400250
2.8579700000000	-1.8758552410327
2.8579800000000	-1.8313437106233
2.8579900000000	-1.7920025987655
2.8580000000000	-1.7521797536023
2.8580100000000	-1.7119022622981
2.8580200000000	-1.6764211756805
2.8580300000000	-1.6404134743698
2.8580400000000	-1.6039053873262
2.8580500000000	-1.5718461380782
2.8580600000000	-1.5392281659419
2.8580700000000	-1.5060765971512
2.8580800000000	-1.4770515600439
2.8580900000000	-1.4474464555590
2.8581000000000	-1.4172851331949
2.8581100000000	-1.3909522223907
2.8581200000000	-1.3640268602200
2.8581300000000	-1.3365315063656
2.8581400000000	-1.3125892841414
2.8581500000000	-1.2880495982113
2.8581600000000	-1.2629334563284
2.8581700000000	-1.2411165700063
2.8581800000000	-1.2187031971965
2.8581900000000	-1.1957128729946
2.8582000000000	-1.1757878655945
2.8582100000000	-1.1552721496029
2.8582200000000	-1.1341837993208
2.8582300000000	-1.1159453110266
2.8582400000000	-1.0971256800904
2.8582500000000	-1.0777415567254
2.8582600000000	-1.0610089144060
2.8582700000000	-1.0437076286388
2.8582800000000	-1.0258529804345
2.8582900000000	-1.0104671592685
2.8583000000000	-0.99452741145920
2.8583100000000	-0.97804771632216
2.8583200000000	-0.96386864951881
2.8583300000000	-0.94915199608418
2.8583400000000	-0.93391050924732
2.8583500000000	-0.92081471745500
2.8583600000000	-0.90719881238595
2.8583700000000	-0.89307440126460
2.8583800000000	-0.88095291155328
2.8583900000000	-0.86832951473538
2.8584000000000	-0.85521475378060
2.8584100000000	-0.84397127811164
2.8584200000000	-0.83224450958100
2.8584300000000	-0.82004400818727
2.8584400000000	-0.80959335247749
2.8584500000000	-0.79867816534866
2.8584600000000	-0.78730710307575
2.8584700000000	-0.77757377986316
2.8584800000000	-0.76739462649248
2.8584900000000	-0.75677747160592
2.8585000000000	-0.74769449156179
2.8585100000000	-0.73818415961693
2.8585200000000	-0.72825354897459
2.8585300000000	-0.71976136890356
2.8585400000000	-0.71085996629159
2.8585500000000	-0.70155572673323
2.8585600000000	-0.69360133407309
2.8585700000000	-0.68525540387900
2.8585800000000	-0.67652369736414
2.8585900000000	-0.66905981348979
2.8586000000000	-0.66122156223922
2.8586100000000	-0.65301413900296
2.8586200000000	-0.64599852574183
2.8586300000000	-0.63862515027939
2.8586400000000	-0.63089869611577
2.8586500000000	-0.62429355183721
2.8586600000000	-0.61734665191964
2.8586700000000	-0.61006221742121
2.8586800000000	-0.60383365079698
2.8586900000000	-0.59727871614737
2.8587000000000	-0.59040121725235
2.8587100000000	-0.58451878833652
2.8587200000000	-0.57832475035164
2.8587300000000	-0.57182253091780
2.8587400000000	-0.56625885057353
2.8587500000000	-0.56039769017243
2.8587600000000	-0.55424213850441
2.8587700000000	-0.54897251840236
2.8587800000000	-0.54341892262223
2.8587900000000	-0.53758413493980
2.8588000000000	-0.53258628140534
2.8588100000000	-0.52731734235387
2.8588200000000	-0.52177982711793
2.8588300000000	-0.51703357301612
2.8588400000000	-0.51202852363406
2.8588500000000	-0.50676694145370
2.8588600000000	-0.50225401109477
2.8588700000000	-0.49749399294036
2.8588800000000	-0.49248892749394
2.8588900000000	-0.48819273022358
2.8589000000000	-0.48366058913055
2.8589100000000	-0.47889434513386
2.8589200000000	-0.47479979386543
2.8589300000000	-0.47047989988853
2.8589400000000	-0.46593632467942
2.8589500000000	-0.46202967613641
2.8589600000000	-0.45790776467712
2.8589700000000	-0.45357209044131
2.8589800000000	-0.44984080431236
2.8589900000000	-0.44590383573960
2.8590000000000	-0.44176253979183
2.8590100000000	-0.43819515438417
2.8590200000000	-0.43443118982066
2.8590300000000	-0.43047187070321
2.8590400000000	-0.42705789300300
2.8590500000000	-0.42345598425610
2.8590600000000	-0.41966725170627
2.8590700000000	-0.41639706003497
2.8590800000000	-0.41294715192280
2.8590900000000	-0.40931852901979
2.8591000000000	-0.40618328671734
2.8591100000000	-0.40287613026778
2.8591200000000	-0.39939796628291
2.8591300000000	-0.39638954505611
2.8591400000000	-0.39321662025642
2.8591500000000	-0.38988001292870
2.8591600000000	-0.38699092468240
2.8591700000000	-0.38394437162880
2.8591800000000	-0.38074109774447
2.8591900000000	-0.37796443386715
2.8592000000000	-0.37503699131296
2.8592100000000	-0.37195944461481
2.8592200000000	-0.36928882182546
2.8592300000000	-0.36647377225158
2.8592400000000	-0.36351490782663
2.8592500000000	-0.36094441980105
2.8592600000000	-0.35823554024783
2.8592700000000	-0.35538882464494
2.8592800000000	-0.35291299874342
2.8592900000000	-0.35030451673680
2.8593000000000	-0.34756388316356
2.8593100000000	-0.34517764166485
2.8593200000000	-0.34266419565104
2.8593300000000	-0.34002400367511
2.8593400000000	-0.33772262899809
2.8593500000000	-0.33529923277757
2.8593600000000	-0.33275423203236
2.8593700000000	-0.33053333548992
2.8593800000000	-0.32819534620082
2.8593900000000	-0.32574064364976
2.8594000000000	-0.32359613733719
2.8594100000000	-0.32133922659447
2.8594200000000	-0.31897025696908
2.8594300000000	-0.31689832843606
2.8594400000000	-0.31471845627943
2.8594500000000	-0.31243095534465
2.8594600000000	-0.31042804474408
2.8594700000000	-0.30832143609013
2.8594800000000	-0.30611141643719
2.8594900000000	-0.30417419588048
2.8595000000000	-0.30213731920909
2.8595100000000	-0.30000104830699
2.8595200000000	-0.29812640318649
2.8595300000000	-0.29615595122426
2.8595400000000	-0.29408993149502
2.8595500000000	-0.29227494356385
2.8595600000000	-0.29036781575546
2.8595700000000	-0.28836876646210
2.8595800000000	-0.28661069848626
2.8595900000000	-0.28476398506620
2.8596000000000	-0.28282882582942
2.8596100000000	-0.28112510764661
2.8596200000000	-0.27933607514807
2.8596300000000	-0.27746191092669
2.8596400000000	-0.27581012676719
2.8596500000000	-0.27407620482131
2.8596600000000	-0.27226031220844
2.8596700000000	-0.27065818914905
2.8596800000000	-0.26897695844497
2.8596900000000	-0.26721677315204
2.8597000000000	-0.26566217058833
2.8597100000000	-0.26403135187860
2.8597200000000	-0.26232445728896
2.8597300000000	-0.26081535732387
2.8597400000000	-0.25923280137226
2.8597500000000	-0.25757691806182
2.8597600000000	-0.25611141672114
2.8597700000000	-0.25457509510162
2.8597800000000	-0.25296807123389
2.8597900000000	-0.25154437042612
2.8598000000000	-0.25005236709025
2.8598100000000	-0.24849216960280
2.8598200000000	-0.24710856975285
2.8598300000000	-0.24565907329414
2.8598400000000	-0.24414377980225
2.8598500000000	-0.24279867309446
2.8598600000000	-0.24138996964238
2.8598700000000	-0.23991776099377
2.8598800000000	-0.23860962516602
2.8598900000000	-0.23724009185234
2.8599000000000	-0.23580924527370
2.8599100000000	-0.23453663791185
2.8599200000000	-0.23320473685627
2.8599300000000	-0.23181361963674
2.8599400000000	-0.23057517292300
2.8599500000000	-0.22927944569092
2.8599600000000	-0.22792650935610
2.8599700000000	-0.22672092522994
2.8599800000000	-0.22545998771995
2.8599900000000	-0.22414376265155
2.8600000000000	-0.22296980834560
