#Parameters = {n=0.01; f0=2856000000; lambda=0.10496934803922; l=0.0010496934803922; LL=0.09}
#"Frequency / GHz"	"S1,1 (9) [Magnitude in dB]"
#----------------------------------------------
2.8500000000000	-0.25375784538052
2.8500100000000	-0.25566649721955
2.8500200000000	-0.25750967977708
2.8500300000000	-0.25928714089153
2.8500400000000	-0.26127291990267
2.8500500000000	-0.26319047279746
2.8500600000000	-0.26503952440435
2.8500700000000	-0.26710716665455
2.8500800000000	-0.26910367903928
2.8500900000000	-0.27102876102521
2.8501000000000	-0.27318339585941
2.8501100000000	-0.27526384153059
2.8501200000000	-0.27726976952988
2.8501300000000	-0.27951696067096
2.8501400000000	-0.28168673873420
2.8501500000000	-0.28377874432855
2.8501600000000	-0.28612453613516
2.8501700000000	-0.28838951683599
2.8501800000000	-0.29057329292533
2.8501900000000	-0.29302426256252
2.8502000000000	-0.29539083905061
2.8502100000000	-0.29767259116994
2.8502200000000	-0.30023590757109
2.8502300000000	-0.30271105448432
2.8502400000000	-0.30509755897026
2.8502500000000	-0.30778104961512
2.8502600000000	-0.31037238953187
2.8502700000000	-0.31287105960032
2.8502800000000	-0.31568328631247
2.8502900000000	-0.31839916529362
2.8503000000000	-0.32101812627340
2.8503100000000	-0.32396847144798
2.8503200000000	-0.32681804510955
2.8503300000000	-0.32956622030234
2.8503400000000	-0.33266498522754
2.8503500000000	-0.33565831704355
2.8503600000000	-0.33854552594462
2.8503700000000	-0.34180404317427
2.8503800000000	-0.34495221701544
2.8503900000000	-0.34798928794812
2.8504000000000	-0.35142005005115
2.8504100000000	-0.35473529934303
2.8504200000000	-0.35793419894935
2.8504300000000	-0.36155100638463
2.8504400000000	-0.36504686270887
2.8504500000000	-0.36842084519814
2.8504600000000	-0.37223897659149
2.8504700000000	-0.37593044110792
2.8504800000000	-0.37949422073348
2.8504900000000	-0.38353062946379
2.8505000000000	-0.38743437117353
2.8505100000000	-0.39120432208783
2.8505200000000	-0.39547786385105
2.8505300000000	-0.39961244953473
2.8505400000000	-0.40360683800810
2.8505500000000	-0.40813853496589
2.8505600000000	-0.41252469659361
2.8505700000000	-0.41676395159589
2.8505800000000	-0.42157729984403
2.8505900000000	-0.42623824644569
2.8506000000000	-0.43074527583663
2.8506100000000	-0.43586660432701
2.8506200000000	-0.44082838677327
2.8506300000000	-0.44562894787537
2.8506400000000	-0.45108783861590
2.8506500000000	-0.45637977754253
2.8506600000000	-0.46150291274600
2.8506700000000	-0.46733269421212
2.8506800000000	-0.47298788353421
2.8506900000000	-0.47846643391014
2.8507000000000	-0.48470476216959
2.8507100000000	-0.49076066334489
2.8507200000000	-0.49663187610883
2.8507300000000	-0.50332142135771
2.8507400000000	-0.50982056694142
2.8507500000000	-0.51612681617226
2.8507600000000	-0.52331607632624
2.8507700000000	-0.53030690552655
2.8507800000000	-0.53709654997014
2.8507900000000	-0.54484081785477
2.8508000000000	-0.55237867200917
2.8508100000000	-0.55970707931258
2.8508200000000	-0.56806959609032
2.8508300000000	-0.57621790845475
2.8508400000000	-0.58414868204585
2.8508500000000	-0.59320201709501
2.8508600000000	-0.60203373940319
2.8508700000000	-0.61064019284062
2.8508800000000	-0.62046789976783
2.8508900000000	-0.63006721811977
2.8509000000000	-0.63943415247938
2.8509100000000	-0.65013276271483
2.8509200000000	-0.66059716793018
2.8509300000000	-0.67082302124536
2.8509400000000	-0.68250445139775
2.8509500000000	-0.69394724471572
2.8509600000000	-0.70514669932332
2.8509700000000	-0.71794116675888
2.8509800000000	-0.73049450136478
2.8509900000000	-0.74280165601276
2.8510000000000	-0.75686121989402
2.8510100000000	-0.77067980318330
2.8510200000000	-0.78425204293223
2.8510300000000	-0.79975491612080
2.8510400000000	-0.81502052781738
2.8510500000000	-0.83004325721202
2.8510600000000	-0.84719906910746
2.8510700000000	-0.86412608758886
2.8510800000000	-0.88081853252924
2.8510900000000	-0.89987476519968
2.8511000000000	-0.91871693973572
2.8511100000000	-0.93733927212373
2.8511200000000	-0.95858914293896
2.8511300000000	-0.97964790401913
2.8511400000000	-1.0005100016770
2.8511500000000	-1.0243021257081
2.8511600000000	-1.0479367897770
2.8511700000000	-1.0714090125902
2.8511800000000	-1.0981592467296
2.8511900000000	-1.1247995446094
2.8512000000000	-1.1513259853930
2.8512100000000	-1.1815319313186
2.8512200000000	-1.2116933686051
2.8512300000000	-1.2418081202309
2.8512400000000	-1.2760668389731
2.8512500000000	-1.3103694746506
2.8512600000000	-1.3447165352450
2.8512700000000	-1.3837460907858
2.8512800000000	-1.4229373838209
2.8512900000000	-1.4622948836435
2.8513000000000	-1.5069603656482
2.8513100000000	-1.5519427640568
2.8513200000000	-1.5972522132320
2.8513300000000	-1.6485968545242
2.8513400000000	-1.7004607474792
2.8513500000000	-1.7528619278430
2.8513600000000	-1.8121437754117
2.8513700000000	-1.8722062343056
2.8513800000000	-1.9330781217924
2.8513900000000	-2.0018123592025
2.8514000000000	-2.0716616681264
2.8514100000000	-2.1426692759286
2.8514200000000	-2.2226756194827
2.8514300000000	-2.3042208204942
2.8514400000000	-2.3873669708306
2.8514500000000	-2.4808204365135
2.8514600000000	-2.5763438511898
2.8514700000000	-2.6740234736843
2.8514800000000	-2.7835051021982
2.8514900000000	-2.8957139099272
2.8515000000000	-3.0107664100394
2.8515100000000	-3.1393081527514
2.8515200000000	-3.2713785423336
2.8515300000000	-3.4071310472791
2.8515400000000	-3.5582459745401
2.8515500000000	-3.7138501922660
2.8515600000000	-3.8741411516496
2.8515700000000	-4.0518265716074
2.8515800000000	-4.2351294879280
2.8515900000000	-4.4242982691940
2.8516000000000	-4.6329952095837
2.8516100000000	-4.8486025836033
2.8516200000000	-5.0714258051752
2.8516300000000	-5.3159124281903
2.8516400000000	-5.5687458844858
2.8516500000000	-5.8302921933307
2.8516600000000	-6.1154761392296
2.8516700000000	-6.4105328609917
2.8516800000000	-6.7158846997439
2.8516900000000	-7.0464257461029
2.8517000000000	-7.3883346757190
2.8517100000000	-7.7420625115647
2.8517200000000	-8.1216677970825
2.8517300000000	-8.5138340529951
2.8517400000000	-8.9189481820484
2.8517500000000	-9.3489659974847
2.8517600000000	-9.7918130878302
2.8517700000000	-10.247553824250
2.8517800000000	-10.724033753781
2.8517900000000	-11.211289949695
2.8518000000000	-11.708443316827
2.8518100000000	-12.216116631242
2.8518200000000	-12.727387364633
2.8518300000000	-13.239259961716
2.8518400000000	-13.740981933891
2.8518500000000	-14.229967257072
2.8518600000000	-14.700045552778
2.8518700000000	-15.126417973628
2.8518800000000	-15.514389666615
2.8518900000000	-15.856921785966
2.8519000000000	-16.120649517097
2.8519100000000	-16.326000671074
2.8519200000000	-16.472288959825
2.8519300000000	-16.530894023286
2.8519400000000	-16.538236021765
2.8519500000000	-16.501369402836
2.8519600000000	-16.401266913009
2.8519700000000	-16.276747706960
2.8519800000000	-16.135172547632
2.8519900000000	-15.962846110151
2.8520000000000	-15.789430925549
2.8520100000000	-15.618700278565
2.8520200000000	-15.439934265933
2.8520300000000	-15.272277273534
2.8520400000000	-15.116767180237
2.8520500000000	-14.965421471588
2.8520600000000	-14.829686793688
2.8520700000000	-14.709381729011
2.8520800000000	-14.598996018370
2.8520900000000	-14.505138292514
2.8521000000000	-14.427292932679
2.8521100000000	-14.361804589523
2.8521200000000	-14.312514430908
2.8521300000000	-14.278960394269
2.8521400000000	-14.258582947620
2.8521500000000	-14.253897379709
2.8521600000000	-14.264643252122
2.8521700000000	-14.288587026374
2.8521800000000	-14.327981370157
2.8521900000000	-14.382820918763
2.8522000000000	-14.450439243880
2.8522100000000	-14.533693603971
2.8522200000000	-14.632855594936
2.8522300000000	-14.744039289581
2.8522400000000	-14.871500147006
2.8522500000000	-15.015796768721
2.8522600000000	-15.170935793166
2.8522700000000	-15.343373885149
2.8522800000000	-15.533945298496
2.8522900000000	-15.733449858220
2.8523000000000	-15.951407242375
2.8523100000000	-16.188845782353
2.8523200000000	-16.431883597157
2.8523300000000	-16.694017287876
2.8523400000000	-16.976190001496
2.8523500000000	-17.257755246643
2.8523600000000	-17.557023262314
2.8523700000000	-17.874104256416
2.8523800000000	-18.178688280245
2.8523900000000	-18.494332584956
2.8524000000000	-18.818748358640
2.8524100000000	-19.108731953449
2.8524200000000	-19.392896961511
2.8524300000000	-19.664711447247
2.8524400000000	-19.868012893681
2.8524500000000	-20.037049593533
2.8524600000000	-20.162848212333
2.8524700000000	-20.187268191562
2.8524800000000	-20.153478604670
2.8524900000000	-20.058469265346
2.8525000000000	-19.861264496286
2.8525100000000	-19.611005649019
2.8525200000000	-19.313274177180
2.8525300000000	-18.948613527750
2.8525400000000	-18.557207950275
2.8525500000000	-18.145578667650
2.8525600000000	-17.706729982415
2.8525700000000	-17.263495497430
2.8525800000000	-16.819256100727
2.8525900000000	-16.373385054657
2.8526000000000	-15.934174969192
2.8526100000000	-15.502603647705
2.8526200000000	-15.082139059087
2.8526300000000	-14.671904569490
2.8526400000000	-14.271810618309
2.8526500000000	-13.888194980206
2.8526600000000	-13.514969260941
2.8526700000000	-13.151714304643
2.8526800000000	-12.806686902679
2.8526900000000	-12.470972046915
2.8527000000000	-12.144119480786
2.8527100000000	-11.835564779832
2.8527200000000	-11.534943383441
2.8527300000000	-11.241870020453
2.8527400000000	-10.966416860970
2.8527500000000	-10.697570403560
2.8527600000000	-10.435028228674
2.8527700000000	-10.189118698938
2.8527800000000	-9.9486537666411
2.8527900000000	-9.7134056711225
2.8528000000000	-9.4936993188059
2.8528100000000	-9.2784574588266
2.8528200000000	-9.0675125295131
2.8528300000000	-8.8710127595005
2.8528400000000	-8.6781637030709
2.8528500000000	-8.4888440678414
2.8528600000000	-8.3129130420385
2.8528700000000	-8.1399606942247
2.8528800000000	-7.9699004857559
2.8528900000000	-7.8122328686909
2.8529000000000	-7.6569892127442
2.8529100000000	-7.5041087812725
2.8529200000000	-7.3626935031089
2.8529300000000	-7.2232434605408
2.8529400000000	-7.0857169536151
2.8529500000000	-6.9587985597965
2.8529600000000	-6.8334649887898
2.8529700000000	-6.7096885302296
2.8529800000000	-6.5957322203634
2.8529900000000	-6.4830443021903
2.8530000000000	-6.3716073093841
2.8530100000000	-6.2692686817255
2.8530200000000	-6.1679344743425
2.8530300000000	-6.0675946883602
2.8530400000000	-5.9756940108931
2.8530500000000	-5.8845769875264
2.8530600000000	-5.7942390262798
2.8530700000000	-5.7117394655025
2.8530800000000	-5.6298385431610
2.8530900000000	-5.5485355417436
2.8531000000000	-5.4745247186445
2.8531100000000	-5.4009572347818
2.8531200000000	-5.3278351047107
2.8531300000000	-5.2615094069817
2.8531400000000	-5.1954965541466
2.8531500000000	-5.1298004393102
2.8531600000000	-5.0704516114938
2.8531700000000	-5.0113059182276
2.8531800000000	-4.9523684925412
2.8531900000000	-4.8993721165039
2.8532000000000	-4.8464866393343
2.8532100000000	-4.7937179559518
2.8532200000000	-4.7465235116200
2.8532300000000	-4.6993624683553
2.8532400000000	-4.6522411254714
2.8532500000000	-4.6103633836745
2.8532600000000	-4.5684540105054
2.8532700000000	-4.5265194430843
2.8532800000000	-4.4895309907500
2.8532900000000	-4.4524564466740
2.8533000000000	-4.4153021880104
2.8533100000000	-4.3828270491760
2.8533200000000	-4.3502203483896
2.8533300000000	-4.3174882573126
2.8533400000000	-4.2891958441065
2.8533500000000	-4.2607340668578
2.8533600000000	-4.2321087860584
2.8533700000000	-4.2077093350223
2.8533800000000	-4.1831092769595
2.8533900000000	-4.1583140858716
2.8534000000000	-4.1375542145019
2.8534100000000	-4.1165681235884
2.8534200000000	-4.0953608485078
2.8534300000000	-4.0780197895047
2.8534400000000	-4.0604317512650
2.8534500000000	-4.0426012961175
2.8534600000000	-4.0284876124639
2.8534700000000	-4.0141103924487
2.8534800000000	-3.9994737044527
2.8534900000000	-3.9884224259077
2.8535000000000	-3.9770947140544
2.8535100000000	-3.9654941327241
2.8535200000000	-3.9573642621386
2.8535300000000	-3.9489482707471
2.8535400000000	-3.9402492150674
2.8535500000000	-3.9349215596005
2.8535600000000	-3.9293009327064
2.8535700000000	-3.9233898867712
2.8535800000000	-3.9207651747424
2.8535900000000	-3.9178431718402
2.8536000000000	-3.9146259340037
2.8536100000000	-3.9146231829889
2.8536200000000	-3.9143211045351
2.8536300000000	-3.9137212692281
2.8536400000000	-3.9162763751908
2.8536500000000	-3.9185322011953
2.8536600000000	-3.9204898461507
2.8536700000000	-3.9255543670161
2.8536800000000	-3.9303215833772
2.8536900000000	-3.9347921381126
2.8537000000000	-3.9423322482984
2.8537100000000	-3.9495788384390
2.8537200000000	-3.9565321125492
2.8537300000000	-3.9665277076525
2.8537400000000	-3.9762352895165
2.8537500000000	-3.9856546416617
2.8537600000000	-3.9980985747877
2.8537700000000	-4.0102616654046
2.8537800000000	-4.0221432958935
2.8537900000000	-4.0370407290930
2.8538000000000	-4.0516661207663
2.8538100000000	-4.0660184723569
2.8538200000000	-4.0833863283023
2.8538300000000	-4.1004925620474
2.8538400000000	-4.1173358150717
2.8538500000000	-4.1372023155338
2.8538600000000	-4.1568192387278
2.8538700000000	-4.1761848878909
2.8538800000000	-4.1985891667868
2.8538900000000	-4.2207575631461
2.8539000000000	-4.2426880644436
2.8539100000000	-4.2676798442555
2.8539200000000	-4.2924511252101
2.8539300000000	-4.3169996022980
2.8539400000000	-4.3446389235582
2.8539500000000	-4.3720748709486
2.8539600000000	-4.3993048711326
2.8539700000000	-4.4296618654191
2.8539800000000	-4.4598344161742
2.8539900000000	-4.4898197068636
2.8540000000000	-4.5229744044921
2.8540100000000	-4.5559654686395
2.8540200000000	-4.5887898657887
2.8540300000000	-4.6248320299995
2.8540400000000	-4.6607333339797
2.8540500000000	-4.6964905546802
2.8540600000000	-4.7355195348445
2.8540700000000	-4.7744324828140
2.8540800000000	-4.8132260148764
2.8540900000000	-4.8553506118801
2.8541000000000	-4.8973861583672
2.8541100000000	-4.9393291404540
2.8541200000000	-4.9846674782897
2.8541300000000	-5.0299460064012
2.8541400000000	-5.0751611131250
2.8541500000000	-5.1238405115785
2.8541600000000	-5.1724917119351
2.8541700000000	-5.2211110393625
2.8541800000000	-5.2732678838105
2.8541900000000	-5.3254306304943
2.8542000000000	-5.3775955786389
2.8542100000000	-5.4333751842903
2.8542200000000	-5.4891974054923
2.8542300000000	-5.5450585558945
2.8542400000000	-5.6046150253224
2.8542500000000	-5.6642535680037
2.8542600000000	-5.7239705561432
2.8542700000000	-5.7874666308813
2.8542800000000	-5.8510871207132
2.8542900000000	-5.9148285050613
2.8543000000000	-5.9824354141363
2.8543100000000	-6.0502121142210
2.8543200000000	-6.1181552461158
2.8543300000000	-6.1900525569270
2.8543400000000	-6.2621682314022
2.8543500000000	-6.3344991325670
2.8543600000000	-6.4108746123277
2.8543700000000	-6.4875204039405
2.8543800000000	-6.5644336615966
2.8543900000000	-6.6454831607428
2.8544000000000	-6.7268584946359
2.8544100000000	-6.8085571874178
2.8544200000000	-6.8944845597913
2.8544300000000	-6.9807970894282
2.8544400000000	-7.0674927610987
2.8544500000000	-7.1585098394691
2.8544600000000	-7.2499754543224
2.8544700000000	-7.3418881560605
2.8544800000000	-7.4382148054939
2.8544900000000	-7.5350577242194
2.8545000000000	-7.6324161505301
2.8545100000000	-7.7342804261253
2.8545200000000	-7.8367334031111
2.8545300000000	-7.9397751505691
2.8545400000000	-8.0474135904336
2.8545500000000	-8.1557182679532
2.8545600000000	-8.2646902504856
2.8545700000000	-8.3783483390136
2.8545800000000	-8.4927557815962
2.8545900000000	-8.6079148405897
2.8546000000000	-8.7278476815943
2.8546100000000	-8.8486191337907
2.8546200000000	-8.9702328859162
2.8546300000000	-9.0967061296810
2.8546400000000	-9.2241140432269
2.8546500000000	-9.3524620140010
2.8546600000000	-9.4857530872086
2.8546700000000	-9.6200824685227
2.8546800000000	-9.7554575648431
2.8546900000000	-9.8958572575552
2.8547000000000	-10.037407392396
2.8547100000000	-10.180117773614
2.8547200000000	-10.327932578554
2.8547300000000	-10.477019538780
2.8547400000000	-10.627391301414
2.8547500000000	-10.782944919221
2.8547600000000	-10.939903235401
2.8547700000000	-11.098282265456
2.8547800000000	-11.261919620073
2.8547900000000	-11.427106535795
2.8548000000000	-11.593863017298
2.8548100000000	-11.765953642188
2.8548200000000	-11.939752750304
2.8548300000000	-12.115285069960
2.8548400000000	-12.296227562930
2.8548500000000	-12.479053562337
2.8548600000000	-12.663793390981
2.8548700000000	-12.854020745766
2.8548800000000	-13.046325130214
2.8548900000000	-13.240743497047
2.8549000000000	-13.440729460235
2.8549100000000	-13.643007300663
2.8549200000000	-13.847621836093
2.8549300000000	-14.057888470709
2.8549400000000	-14.270686488542
2.8549500000000	-14.486070051159
2.8549600000000	-14.707196729509
2.8549700000000	-14.931122903836
2.8549800000000	-15.157913857373
2.8549900000000	-15.390547956261
2.8550000000000	-15.626282963262
2.8550100000000	-15.865197429595
2.8550200000000	-16.110067061404
2.8550300000000	-16.358377909000
2.8550400000000	-16.610224393533
2.8550500000000	-16.868153572616
2.8550600000000	-17.129909863360
2.8550700000000	-17.395606722255
2.8550800000000	-17.667533429332
2.8550900000000	-17.943726746780
2.8551000000000	-18.224323026077
2.8551100000000	-18.511320669825
2.8551200000000	-18.803087608781
2.8551300000000	-19.099787795346
2.8551400000000	-19.403090527466
2.8551500000000	-19.711739808564
2.8551600000000	-20.025932904856
2.8551700000000	-20.346965006852
2.8551800000000	-20.674008783721
2.8551900000000	-21.007301666288
2.8552000000000	-21.347710542266
2.8552100000000	-21.694899103778
2.8552200000000	-22.049152937215
2.8552300000000	-22.410843574757
2.8552400000000	-22.780200469580
2.8552500000000	-23.157566129327
2.8552600000000	-23.542731045934
2.8552700000000	-23.936580681898
2.8552800000000	-24.339522709291
2.8552900000000	-24.750652774279
2.8553000000000	-25.171621375658
2.8553100000000	-25.602905527582
2.8553200000000	-26.042747806079
2.8553300000000	-26.493693632957
2.8553400000000	-26.956280632127
2.8553500000000	-27.427666450723
2.8553600000000	-27.911439287829
2.8553700000000	-28.408154576652
2.8553800000000	-28.913525339973
2.8553900000000	-29.432330912632
2.8554000000000	-29.965018781763
2.8554100000000	-30.505268187453
2.8554200000000	-31.059145272379
2.8554300000000	-31.626674800067
2.8554400000000	-32.198502926932
2.8554500000000	-32.781904268482
2.8554600000000	-33.375783225408
2.8554700000000	-33.966096979841
2.8554800000000	-34.560911582865
2.8554900000000	-35.156759632910
2.8555000000000	-35.732643512759
2.8555100000000	-36.296901882183
2.8555200000000	-36.842559633077
2.8555300000000	-37.340609342595
2.8555400000000	-37.801117715285
2.8555500000000	-38.215809338366
2.8555600000000	-38.552716804089
2.8555700000000	-38.830030821883
2.8555800000000	-39.045818029801
2.8555900000000	-39.175461507032
2.8556000000000	-39.249598139126
2.8556100000000	-39.275400250820
2.8556200000000	-39.236969668411
2.8556300000000	-39.169483405943
2.8556400000000	-39.081920592224
2.8556500000000	-38.960039807863
2.8556600000000	-38.834760559802
2.8556700000000	-38.711834602349
2.8556800000000	-38.575142616341
2.8556900000000	-38.450122255360
2.8557000000000	-38.339500439846
2.8557100000000	-38.225300184279
2.8557200000000	-38.129620657654
2.8557300000000	-38.053602099136
2.8557400000000	-37.977852402487
2.8557500000000	-37.923249092790
2.8557600000000	-37.890327784170
2.8557700000000	-37.858302847612
2.8557800000000	-37.848301930839
2.8557900000000	-37.860746881766
2.8558000000000	-37.873159978793
2.8558100000000	-37.907933191648
2.8558200000000	-37.965597979897
2.8558300000000	-38.021525568972
2.8558400000000	-38.100147144203
2.8558500000000	-38.202207925192
2.8558600000000	-38.300388574714
2.8558700000000	-38.421832210818
2.8558800000000	-38.567556571694
2.8558900000000	-38.706958546544
2.8559000000000	-38.870542896974
2.8559100000000	-39.059648746325
2.8559200000000	-39.239743948172
2.8559300000000	-39.445371338067
2.8559400000000	-39.678250400961
2.8559500000000	-39.899208636483
2.8559600000000	-40.147570529674
2.8559700000000	-40.425521327260
2.8559800000000	-40.688431609296
2.8559900000000	-40.981267121486
2.8560000000000	-41.306808021449
2.8560100000000	-41.613942261916
2.8560200000000	-41.954330746844
2.8560300000000	-42.331532285086
2.8560400000000	-42.686427651104
2.8560500000000	-43.078760014258
2.8560600000000	-43.513055472196
2.8560700000000	-43.919399980334
2.8560800000000	-44.367500687509
2.8560900000000	-44.862689002686
2.8561000000000	-45.318120939022
2.8561100000000	-45.815752279956
2.8561200000000	-46.359626094801
2.8561300000000	-46.831372747640
2.8561400000000	-47.326690794004
2.8561500000000	-47.840006934686
2.8561600000000	-48.193234894009
2.8561700000000	-48.500137754786
2.8561800000000	-48.738309804836
2.8561900000000	-48.707158681763
2.8562000000000	-48.551806940413
2.8562100000000	-48.167076863083
2.8562200000000	-47.541920445760
2.8562300000000	-46.856693977337
2.8562400000000	-46.139091116111
2.8562500000000	-45.243088008369
2.8562600000000	-44.379500238363
2.8562700000000	-43.553242687950
2.8562800000000	-42.635877400134
2.8562900000000	-41.778780087005
2.8563000000000	-40.975512131995
2.8563100000000	-40.116826387109
2.8563200000000	-39.317044801989
2.8563300000000	-38.568346163037
2.8563400000000	-37.779406516713
2.8563500000000	-37.041709128908
2.8563600000000	-36.348552542413
2.8563700000000	-35.623160373459
2.8563800000000	-34.941423762750
2.8563900000000	-34.297967673431
2.8564000000000	-33.627532005060
2.8564100000000	-32.994425053519
2.8564200000000	-32.394358262982
2.8564300000000	-31.771293076104
2.8564400000000	-31.180447071593
2.8564500000000	-30.618363434207
2.8564600000000	-30.036526172775
2.8564700000000	-29.482766804960
2.8564800000000	-28.954262919060
2.8564900000000	-28.408742984537
2.8565000000000	-27.887900011085
2.8565100000000	-27.389402279130
2.8565200000000	-26.876238640912
2.8565300000000	-26.384918470931
2.8565400000000	-25.913496308277
2.8565500000000	-25.429447435428
2.8565600000000	-24.964850122889
2.8565700000000	-24.518068044092
2.8565800000000	-24.060443645808
2.8565900000000	-23.620228771965
2.8566000000000	-23.196038086540
2.8566100000000	-22.762578959331
2.8566200000000	-22.344769253787
2.8566300000000	-21.941429905931
2.8566400000000	-21.530221482947
2.8566500000000	-21.133132916581
2.8566600000000	-20.749156410789
2.8566700000000	-20.358565210135
2.8566800000000	-19.980755132874
2.8566900000000	-19.614861837554
2.8567000000000	-19.243487439130
2.8567100000000	-18.883714993642
2.8567200000000	-18.534801233270
2.8567300000000	-18.181438898405
2.8567400000000	-17.838633865763
2.8567500000000	-17.505745736292
2.8567600000000	-17.169356437517
2.8567700000000	-16.842593958344
2.8567800000000	-16.524905821509
2.8567900000000	-16.204591518615
2.8568000000000	-15.893070971129
2.8568100000000	-15.589867249190
2.8568200000000	-15.284849941087
2.8568300000000	-14.987876804685
2.8568400000000	-14.698536136221
2.8568500000000	-14.408139675313
2.8568600000000	-14.125109574112
2.8568700000000	-13.849090686669
2.8568800000000	-13.572724655002
2.8568900000000	-13.303109027851
2.8569000000000	-13.039937890992
2.8569100000000	-12.777083060157
2.8569200000000	-12.520416087718
2.8569300000000	-12.269674062966
2.8569400000000	-12.019869125745
2.8569500000000	-11.775735683460
2.8569600000000	-11.537048505551
2.8569700000000	-11.299877895810
2.8569800000000	-11.067902411133
2.8569900000000	-10.840929928886
2.8570000000000	-10.616012646650
2.8570100000000	-10.395848824288
2.8570200000000	-10.180275502672
2.8570300000000	-9.9672549393007
2.8570400000000	-9.7585763842069
2.8570500000000	-9.5541026255136
2.8570600000000	-9.3526374392907
2.8570700000000	-9.1551292524987
2.8570800000000	-8.9614636307672
2.8570900000000	-8.7712197574979
2.8571000000000	-8.5845712049333
2.8571100000000	-8.4014237253836
2.8571200000000	-8.2220676202139
2.8571300000000	-8.0459659788621
2.8571400000000	-7.8730424713996
2.8571500000000	-7.7042356686244
2.8571600000000	-7.5383613383830
2.8571700000000	-7.3753590726281
2.8571800000000	-7.2167541216156
2.8571900000000	-7.0607770580411
2.8572000000000	-6.9073816303088
2.8572100000000	-6.7586194220322
2.8572200000000	-6.6121968984417
2.8572300000000	-6.4680803922178
2.8572400000000	-6.3287888380346
2.8572500000000	-6.1915644920041
2.8572600000000	-6.0563848596395
2.8572700000000	-5.9261788282159
2.8572800000000	-5.7977828926369
2.8572900000000	-5.6711844524402
2.8573000000000	-5.5496668192445
2.8573100000000	-5.4297173892829
2.8573200000000	-5.3113322863195
2.8573300000000	-5.1980959083230
2.8573400000000	-5.0862010572752
2.8573500000000	-4.9756515013321
2.8573600000000	-4.8702819016572
2.8573700000000	-4.7660424349364
2.8573800000000	-4.6629435092055
2.8573900000000	-4.5650220449662
2.8574000000000	-4.4680346734333
2.8574100000000	-4.3719975030498
2.8574200000000	-4.2811047937814
2.8574300000000	-4.1909655148005
2.8574400000000	-4.1016005941083
2.8574500000000	-4.0173200064689
2.8574600000000	-3.9336275012362
2.8574700000000	-3.8505480005358
2.8574800000000	-3.7724690138115
2.8574900000000	-3.6948278988411
2.8575000000000	-3.6176528012289
2.8575100000000	-3.5453741137297
2.8575200000000	-3.4733979195838
2.8575300000000	-3.4017548730839
2.8575400000000	-3.3348871476120
2.8575500000000	-3.2682009345557
2.8575600000000	-3.2017287398995
2.8575700000000	-3.1398969238593
2.8575800000000	-3.0781394795119
2.8575900000000	-3.0164901674578
2.8576000000000	-2.9593353569478
2.8576100000000	-2.9021609523642
2.8576200000000	-2.8450014335253
2.8576300000000	-2.7921822791745
2.8576400000000	-2.7392619859144
2.8576500000000	-2.6862752800084
2.8576600000000	-2.6374689547763
2.8576700000000	-2.5884915457207
2.8576800000000	-2.5393776152656
2.8576900000000	-2.4942803804764
2.8577000000000	-2.4489528512917
2.8577100000000	-2.4034290773062
2.8577200000000	-2.3617564935692
2.8577300000000	-2.3198042507481
2.8577400000000	-2.2776055955267
2.8577500000000	-2.2390924305645
2.8577600000000	-2.2002591961204
2.8577700000000	-2.1611381015156
2.8577800000000	-2.1255379883182
2.8577900000000	-2.0895854720895
2.8578000000000	-2.0533115418801
2.8578100000000	-2.0203964389954
2.8578200000000	-1.9871038274553
2.8578300000000	-1.9534633400249
2.8578400000000	-1.9230228421588
2.8578500000000	-1.8921861489680
2.8578600000000	-1.8609814428251
2.8578700000000	-1.8328219850090
2.8578800000000	-1.8042533037096
2.8578900000000	-1.7753020736069
2.8579000000000	-1.7492460666249
2.8579100000000	-1.7227727606014
2.8579200000000	-1.6959072969838
2.8579300000000	-1.6717922261473
2.8579400000000	-1.6472560856768
2.8579500000000	-1.6223224851504
2.8579600000000	-1.5999999990431
2.8579700000000	-1.5772563901418
2.8579800000000	-1.5541137599314
2.8579900000000	-1.5334487707929
2.8580000000000	-1.5123657960427
2.8580100000000	-1.4908854711371
2.8580200000000	-1.4717551785672
2.8580300000000	-1.4522127631479
2.8580400000000	-1.4322774509894
2.8580500000000	-1.4145708382895
2.8580600000000	-1.3964602756700
2.8580700000000	-1.3779636482176
2.8580800000000	-1.3615803737349
2.8580900000000	-1.3448032816397
2.8581000000000	-1.3276489931786
2.8581100000000	-1.3124987909525
2.8581200000000	-1.2969665621525
2.8581300000000	-1.2810677481725
2.8581400000000	-1.2670697815825
2.8581500000000	-1.2527029882728
2.8581600000000	-1.2379817189771
2.8581700000000	-1.2250640073333
2.8581800000000	-1.2117918761301
2.8581900000000	-1.1981786787320
2.8582000000000	-1.1862776016004
2.8582100000000	-1.1740375643152
2.8582200000000	-1.1614710196322
2.8582300000000	-1.1505309036989
2.8582400000000	-1.1392682292329
2.8582500000000	-1.1276946484873
2.8582600000000	-1.1176674423868
2.8582700000000	-1.1073349559220
2.8582800000000	-1.0967081446568
2.8582900000000	-1.0875531883926
2.8583000000000	-1.0781110854354
2.8583100000000	-1.0683922030842
2.8583200000000	-1.0600761005910
2.8583300000000	-1.0514918655951
2.8583400000000	-1.0426493916652
2.8583500000000	-1.0351459977429
2.8583600000000	-1.0273944400173
2.8583700000000	-1.0194042611427
2.8583800000000	-1.0126947976933
2.8583900000000	-1.0057582213550
2.8584000000000	-0.99860385796879
2.8584100000000	-0.99267717938509
2.8584200000000	-0.98654570954563
2.8584300000000	-0.98021870689027
2.8584400000000	-0.97507174098922
2.8584500000000	-0.96974383556357
2.8584600000000	-0.96424435170996
2.8584700000000	-0.95988275130954
2.8584800000000	-0.95536593744020
2.8584900000000	-0.95070357160087
2.8585000000000	-0.94714262342859
2.8585100000000	-0.94345451033471
2.8585200000000	-0.93964942897785
2.8585300000000	-0.93691528215416
2.8585400000000	-0.93408491948686
2.8585500000000	-0.93116935694932
2.8585600000000	-0.92930065428206
2.8585700000000	-0.92737032842251
2.8585800000000	-0.92539056478287
2.8585900000000	-0.92444058868185
2.8586000000000	-0.92346818132467
2.8586100000000	-0.92248713598917
2.8586200000000	-0.92252661996685
2.8586300000000	-0.92258869718558
2.8586400000000	-0.92268932585236
2.8586500000000	-0.92381013669310
2.8586600000000	-0.92500599745809
2.8586700000000	-0.92629574853522
2.8586800000000	-0.92861571952594
2.8586900000000	-0.93107271747479
2.8587000000000	-0.93368939976689
2.8587100000000	-0.93735870094305
2.8587200000000	-0.94123927239235
2.8587300000000	-0.94535882073532
2.8587400000000	-0.95056840092551
2.8587500000000	-0.95607940051658
2.8587600000000	-0.96192621698604
2.8587700000000	-0.96891906320820
2.8587800000000	-0.97632424743222
2.8587900000000	-0.98418506692652
2.8588000000000	-0.99327132575354
2.8588100000000	-1.0029081636357
2.8588200000000	-1.0131507776102
2.8588300000000	-1.0247282065068
2.8588400000000	-1.0370306760607
2.8588500000000	-1.0501293913594
2.8588600000000	-1.0647112017605
2.8588700000000	-1.0802408999385
2.8588800000000	-1.0968113634764
2.8588900000000	-1.1150643315347
2.8589000000000	-1.1345531330123
2.8589100000000	-1.1554001617366
2.8589200000000	-1.1781969456097
2.8589300000000	-1.2026056018086
2.8589400000000	-1.2287889016950
2.8589500000000	-1.2572797429681
2.8589600000000	-1.2878780753679
2.8589700000000	-1.3208019709030
2.8589800000000	-1.3565119744470
2.8589900000000	-1.3949870798734
2.8590000000000	-1.4365207071698
2.8590100000000	-1.4814783692752
2.8590200000000	-1.5300756269389
2.8590300000000	-1.5827067759227
2.8590400000000	-1.6396035828405
2.8590500000000	-1.7012959415078
2.8590600000000	-1.7683074865789
2.8590700000000	-1.8406671223128
2.8590800000000	-1.9193172266162
2.8590900000000	-2.0049307364994
2.8591000000000	-2.0972040643009
2.8591100000000	-2.1975965499341
2.8591200000000	-2.3069065259577
2.8591300000000	-2.4242443170671
2.8591400000000	-2.5516426321767
2.8591500000000	-2.6898646217679
2.8591600000000	-2.8369298176230
2.8591700000000	-2.9953048284556
2.8591800000000	-3.1652151696293
2.8591900000000	-3.3426251282818
2.8592000000000	-3.5298058219915
2.8592100000000	-3.7252897896588
2.8592200000000	-3.9214545326162
2.8592300000000	-4.1190272303875
2.8592400000000	-4.3131510065514
2.8592500000000	-4.4915388893915
2.8592600000000	-4.6524110624227
2.8592700000000	-4.7876640336382
2.8592800000000	-4.8836904787020
2.8592900000000	-4.9393282709349
2.8593000000000	-4.9493403470214
2.8593100000000	-4.9085020170234
2.8593200000000	-4.8220088896735
2.8593300000000	-4.6935042928821
2.8593400000000	-4.5296700403495
2.8593500000000	-4.3389886185313
2.8593600000000	-4.1290416460729
2.8593700000000	-3.9101682394988
2.8593800000000	-3.6867171691125
2.8593900000000	-3.4637281414534
2.8594000000000	-3.2491458088216
2.8594100000000	-3.0421180857836
2.8594200000000	-2.8444534906992
2.8594300000000	-2.6613056290416
2.8594400000000	-2.4890940921807
2.8594500000000	-2.3279015131309
2.8594600000000	-2.1812057880550
2.8594700000000	-2.0447243925750
2.8594800000000	-1.9179450333691
2.8594900000000	-1.8034731685616
2.8595000000000	-1.6972724213023
2.8595100000000	-1.5987474445877
2.8595200000000	-1.5100230473618
2.8595300000000	-1.4276088806430
2.8595400000000	-1.3509968927481
2.8595500000000	-1.2820032902148
2.8595600000000	-1.2177048752908
2.8595700000000	-1.1577118296422
2.8595800000000	-1.1036106214806
2.8595900000000	-1.0529730954506
2.8596000000000	-1.0055131886592
2.8596100000000	-0.96263031712089
2.8596200000000	-0.92230172348101
2.8596300000000	-0.88432127944847
2.8596400000000	-0.84992992742974
2.8596500000000	-0.81742912009661
2.8596600000000	-0.78667112364353
2.8596700000000	-0.75876071687687
2.8596800000000	-0.73225715079256
2.8596900000000	-0.70705440583263
2.8597000000000	-0.68413979093245
2.8597100000000	-0.66227816464625
2.8597200000000	-0.64139307818406
2.8597300000000	-0.62237037616677
2.8597400000000	-0.60414010463556
2.8597500000000	-0.58664677683265
2.8597600000000	-0.57068850465246
2.8597700000000	-0.55532929316348
2.8597800000000	-0.54052857626994
2.8597900000000	-0.52700847335679
2.8598000000000	-0.51394272928971
2.8598100000000	-0.50130146564948
2.8598200000000	-0.48974081050455
2.8598300000000	-0.47852533261871
2.8598400000000	-0.46763286610472
2.8598500000000	-0.45766204822319
2.8598600000000	-0.44795336955919
2.8598700000000	-0.43849027373875
2.8598800000000	-0.42982112737265
2.8598900000000	-0.42135049284331
2.8599000000000	-0.41306592615590
2.8599100000000	-0.40547166030604
2.8599200000000	-0.39802681647368
2.8599300000000	-0.39072198890410
2.8599400000000	-0.38402250275900
2.8599500000000	-0.37743432924578
2.8599600000000	-0.37095032397536
2.8599700000000	-0.36500136566681
2.8599800000000	-0.35913397190503
2.8599900000000	-0.35334269326173
2.8600000000000	-0.34802778287233
