#Parameters = {n=0.01; f0=2856000000; lambda=0.10496934803922; l=0.0010496934803922; LL=0.1}
#"Frequency / GHz"	"S1,1 (10) [Magnitude in dB]"
#-----------------------------------------------
2.8500000000000	-0.28151176101660
2.8500100000000	-0.28413554810096
2.8500200000000	-0.28669844824751
2.8500300000000	-0.28920006105798
2.8500400000000	-0.29197046156529
2.8500500000000	-0.29467813809271
2.8500600000000	-0.29732266376223
2.8500700000000	-0.30025266591481
2.8500800000000	-0.30311813370604
2.8500900000000	-0.30591861335554
2.8501000000000	-0.30902276759620
2.8501100000000	-0.31206062953910
2.8501200000000	-0.31503171859084
2.8501300000000	-0.31832637211538
2.8501400000000	-0.32155306059214
2.8501500000000	-0.32471127742657
2.8501600000000	-0.32821485062488
2.8501700000000	-0.33164891265124
2.8501800000000	-0.33501293272720
2.8501900000000	-0.33874624619180
2.8502000000000	-0.34240868132375
2.8502100000000	-0.34599968635289
2.8502200000000	-0.34998634913771
2.8502300000000	-0.35390101140196
2.8502400000000	-0.35774310545258
2.8502500000000	-0.36200997781534
2.8502600000000	-0.36620405565440
2.8502700000000	-0.37032476295785
2.8502800000000	-0.37490251005892
2.8502900000000	-0.37940710172068
2.8503000000000	-0.38383796463139
2.8503100000000	-0.38876172177237
2.8503200000000	-0.39361252797830
2.8503300000000	-0.39838982824516
2.8503400000000	-0.40370000349241
2.8503500000000	-0.40893816485036
2.8503600000000	-0.41410379738579
2.8503700000000	-0.41984704416165
2.8503800000000	-0.42552015802627
2.8503900000000	-0.43112269413031
2.8504000000000	-0.43735309506954
2.8504100000000	-0.44351645591994
2.8504200000000	-0.44961244298810
2.8504300000000	-0.45639295760733
2.8504400000000	-0.46311107714041
2.8504500000000	-0.46976663496317
2.8504600000000	-0.47717087835932
2.8504700000000	-0.48451935734925
2.8504800000000	-0.49181214821828
2.8504900000000	-0.49992658716199
2.8505000000000	-0.50799443183674
2.8505100000000	-0.51601610410082
2.8505200000000	-0.52494278200984
2.8505300000000	-0.53383528497338
2.8505400000000	-0.54269451924521
2.8505500000000	-0.55255445463072
2.8505600000000	-0.56239679630042
2.8505700000000	-0.57222312258873
2.8505800000000	-0.58316056929157
2.8505900000000	-0.59410234343750
2.8506000000000	-0.60505094931782
2.8506100000000	-0.61723876483692
2.8506200000000	-0.62945969502157
2.8506300000000	-0.64171751388176
2.8506400000000	-0.65536395903261
2.8506500000000	-0.66908115676097
2.8506600000000	-0.68287461689943
2.8506700000000	-0.69823201230847
2.8506800000000	-0.71370923944039
2.8506900000000	-0.72931417691342
2.8507000000000	-0.74668997744022
2.8507100000000	-0.76424952363331
2.8507200000000	-0.78200392378693
2.8507300000000	-0.80177495110310
2.8507400000000	-0.82181293275189
2.8507500000000	-0.84213337910245
2.8507600000000	-0.86476418721980
2.8507700000000	-0.88777032999581
2.8507800000000	-0.91117331771443
2.8507900000000	-0.93723996876055
2.8508000000000	-0.96382326409284
2.8508100000000	-0.99095289115114
2.8508200000000	-1.0211737985743
2.8508300000000	-1.0520958328776
2.8508400000000	-1.0837598202467
2.8508500000000	-1.1190357715700
2.8508600000000	-1.1552540076745
2.8508700000000	-1.1924705055461
2.8508800000000	-1.2339364739249
2.8508900000000	-1.2766602695358
2.8509000000000	-1.3207184133135
2.8509100000000	-1.3698102030251
2.8509200000000	-1.4205727444741
2.8509300000000	-1.4731102550948
2.8509400000000	-1.5316491476348
2.8509500000000	-1.5923984351808
2.8509600000000	-1.6554993032922
2.8509700000000	-1.7257971175760
2.8509800000000	-1.7990079573829
2.8509900000000	-1.8753215319514
2.8510000000000	-1.9603057179468
2.8510100000000	-2.0491109062958
2.8510200000000	-2.1419887319549
2.8510300000000	-2.2453399446004
2.8510400000000	-2.3536695871474
2.8510500000000	-2.4673045518578
2.8510600000000	-2.5935830425461
2.8510700000000	-2.7262806302520
2.8510800000000	-2.8658075106193
2.8510900000000	-3.0205108690340
2.8511000000000	-3.1833525574505
2.8511100000000	-3.3548166141495
2.8511200000000	-3.5442431074125
2.8511300000000	-3.7437018718718
2.8511400000000	-3.9536970608233
2.8511500000000	-4.1843537590274
2.8511600000000	-4.4267828057540
2.8511700000000	-4.6813542105927
2.8511800000000	-4.9583873938208
2.8511900000000	-5.2479762263491
2.8512000000000	-5.5499905397104
2.8512100000000	-5.8736440589179
2.8512200000000	-6.2079525015540
2.8512300000000	-6.5515290462113
2.8512400000000	-6.9100326185093
2.8512500000000	-7.2714141178872
2.8512600000000	-7.6318213006269
2.8512700000000	-7.9897270105791
2.8512800000000	-8.3328784026217
2.8512900000000	-8.6543327322491
2.8513000000000	-8.9428891253726
2.8513100000000	-9.1905248122385
2.8513200000000	-9.3905961216177
2.8513300000000	-9.5265516857774
2.8513400000000	-9.6039029260583
2.8513500000000	-9.6236085403751
2.8513600000000	-9.5729430055799
2.8513700000000	-9.4736249229796
2.8513800000000	-9.3338937515125
2.8513900000000	-9.1457693341296
2.8514000000000	-8.9357633218657
2.8514100000000	-8.7115172794002
2.8514200000000	-8.4656743178027
2.8514300000000	-8.2195011646423
2.8514400000000	-7.9766889199975
2.8514500000000	-7.7298327906623
2.8514600000000	-7.4930901507776
2.8514700000000	-7.2672857766822
2.8514800000000	-7.0460719024652
2.8514900000000	-6.8380233990704
2.8515000000000	-6.6426555890947
2.8515100000000	-6.4553533287249
2.8515200000000	-6.2808319679573
2.8515300000000	-6.1181952626192
2.8515400000000	-5.9646372796808
2.8515500000000	-5.8222476289686
2.8515600000000	-5.6901092727710
2.8515700000000	-5.5670196370981
2.8515800000000	-5.4532487193918
2.8515900000000	-5.3479959883556
2.8516000000000	-5.2513863006487
2.8516100000000	-5.1623929403448
2.8516200000000	-5.0803615899406
2.8516300000000	-5.0064876947167
2.8516400000000	-4.9387926397573
2.8516500000000	-4.8767578664292
2.8516600000000	-4.8224376250110
2.8516700000000	-4.7731339558852
2.8516800000000	-4.7284418376139
2.8516900000000	-4.6911082571478
2.8517000000000	-4.6578766611888
2.8517100000000	-4.6284326528681
2.8517200000000	-4.6060880862512
2.8517300000000	-4.5871421089632
2.8517400000000	-4.5713511355519
2.8517500000000	-4.5624932322974
2.8517600000000	-4.5565074820933
2.8517700000000	-4.5532052717242
2.8517800000000	-4.5567532409141
2.8517900000000	-4.5627956043398
2.8518000000000	-4.5711866649815
2.8518100000000	-4.5864181112891
2.8518200000000	-4.6038932024625
2.8518300000000	-4.6235003915691
2.8518400000000	-4.6500012910824
2.8518500000000	-4.6786065958416
2.8518600000000	-4.7092329372247
2.8518700000000	-4.7468603122629
2.8518800000000	-4.7865542954153
2.8518900000000	-4.8282561279341
2.8519000000000	-4.8771120103672
2.8519100000000	-4.9280928125693
2.8519200000000	-4.9811629642341
2.8519300000000	-5.0415781199591
2.8519400000000	-5.1042714721005
2.8519500000000	-5.1692312458009
2.8519600000000	-5.2417573418365
2.8519700000000	-5.3168125652270
2.8519800000000	-5.3944115885250
2.8519900000000	-5.4798207844186
2.8520000000000	-5.5681140432400
2.8520100000000	-5.6593373336872
2.8520200000000	-5.7586285601524
2.8520300000000	-5.8612727970766
2.8520400000000	-5.9673546477476
2.8520500000000	-6.0817660197337
2.8520600000000	-6.2001271564357
2.8520700000000	-6.3225715677788
2.8520800000000	-6.4535983548114
2.8520900000000	-6.5893172408597
2.8521000000000	-6.7299244464857
2.8521100000000	-6.8793415553650
2.8521200000000	-7.0343605005198
2.8521300000000	-7.1952582725587
2.8521400000000	-7.3651449024405
2.8521500000000	-7.5417358940332
2.8521600000000	-7.7254120352794
2.8521700000000	-7.9181716661517
2.8521800000000	-8.1189577917728
2.8521900000000	-8.3282832641063
2.8522000000000	-8.5466457809187
2.8522100000000	-8.7745985153339
2.8522200000000	-9.0128185171183
2.8522300000000	-9.2597886712425
2.8522400000000	-9.5181549657651
2.8522500000000	-9.7887884589942
2.8522600000000	-10.067461585296
2.8522700000000	-10.359517090761
2.8522800000000	-10.666028419790
2.8522900000000	-10.979089203595
2.8523000000000	-11.307475305926
2.8523100000000	-11.652397691251
2.8523200000000	-12.000882494759
2.8523300000000	-12.365976039915
2.8523400000000	-12.748760755376
2.8523500000000	-13.129167079323
2.8523600000000	-13.525304158549
2.8523700000000	-13.937388224953
2.8523800000000	-14.335388905392
2.8523900000000	-14.742887734183
2.8524000000000	-15.157676266336
2.8524100000000	-15.536554030165
2.8524200000000	-15.908372580984
2.8524300000000	-16.266660407452
2.8524400000000	-16.554996198022
2.8524500000000	-16.808074146783
2.8524600000000	-17.016965740881
2.8524700000000	-17.123022154248
2.8524800000000	-17.170062057402
2.8524900000000	-17.155107846066
2.8525000000000	-17.036439817661
2.8525100000000	-16.864046798453
2.8525200000000	-16.643533258471
2.8525300000000	-16.354479680227
2.8525400000000	-16.038106360495
2.8525500000000	-15.700950152155
2.8525600000000	-15.334854189995
2.8525700000000	-14.963862980226
2.8525800000000	-14.591367460136
2.8525900000000	-14.215406129291
2.8526000000000	-13.845639119412
2.8526100000000	-13.483050204104
2.8526200000000	-13.129626801378
2.8526300000000	-12.785994176452
2.8526400000000	-12.452065895491
2.8526500000000	-12.132583331455
2.8526600000000	-11.823069072639
2.8526700000000	-11.523105238302
2.8526800000000	-11.239267188604
2.8526900000000	-10.964332825448
2.8527000000000	-10.697852082569
2.8527100000000	-10.447524537399
2.8527200000000	-10.204732705727
2.8527300000000	-9.9690909850199
2.8527400000000	-9.7489099800663
2.8527500000000	-9.5349502477192
2.8527600000000	-9.3269089012474
2.8527700000000	-9.1333538262769
2.8527800000000	-8.9448724133578
2.8527900000000	-8.7612365379638
2.8528000000000	-8.5910354086049
2.8528100000000	-8.4249453451241
2.8528200000000	-8.2627986500591
2.8528300000000	-8.1130529991649
2.8528400000000	-7.9666252745861
2.8528500000000	-7.8233943180244
2.8528600000000	-7.6915908245911
2.8528700000000	-7.5624567193691
2.8528800000000	-7.4359058546793
2.8528900000000	-7.3198857775194
2.8529000000000	-7.2060062239824
2.8529100000000	-7.0942070608515
2.8529200000000	-6.9921232494228
2.8529300000000	-6.8917488332157
2.8529400000000	-6.7930428702457
2.8529500000000	-6.7033163818171
2.8529600000000	-6.6149475941143
2.8529700000000	-6.5279096506247
2.8529800000000	-6.4491903980089
2.8529900000000	-6.3715416797998
2.8530000000000	-6.2949469281293
2.8530100000000	-6.2260795733084
2.8530200000000	-6.1580481045094
2.8530300000000	-6.0908434264795
2.8530400000000	-6.0308384404461
2.8530500000000	-5.9714775711936
2.8530600000000	-5.9127571096634
2.8530700000000	-5.8607664539271
2.8530800000000	-5.8092632931185
2.8530900000000	-5.7582477595553
2.8531000000000	-5.7135445314431
2.8531100000000	-5.6692011140234
2.8531200000000	-5.6252203384648
2.8531300000000	-5.5871817498375
2.8531400000000	-5.5493992278420
2.8531500000000	-5.5118774593930
2.8531600000000	-5.4799705943688
2.8531700000000	-5.4482359614336
2.8531800000000	-5.4166794836655
2.8531900000000	-5.3904493662451
2.8532000000000	-5.3643242984939
2.8532100000000	-5.3383109874742
2.8532200000000	-5.3173705695460
2.8532300000000	-5.2964820344691
2.8532400000000	-5.2756525469044
2.8532500000000	-5.2596742957470
2.8532600000000	-5.2437066404373
2.8532700000000	-5.2277569717254
2.8532800000000	-5.2164657935306
2.8532900000000	-5.2051540739600
2.8533000000000	-5.1938292701668
2.8533100000000	-5.1869966877341
2.8533200000000	-5.1801211773600
2.8533300000000	-5.1732101575071
2.8533400000000	-5.1706488927880
2.8533500000000	-5.1680299342096
2.8533600000000	-5.1653605982043
2.8533700000000	-5.1669207523793
2.8533800000000	-5.1684151611903
2.8533900000000	-5.1698510077838
2.8534000000000	-5.1754163799887
2.8534100000000	-5.1809139473487
2.8534200000000	-5.1863507533754
2.8534300000000	-5.1958358650991
2.8534400000000	-5.2052565355358
2.8534500000000	-5.2146196817804
2.8534600000000	-5.2279672895665
2.8534700000000	-5.2412588023202
2.8534800000000	-5.2545010395716
2.8534900000000	-5.2716800660971
2.8535000000000	-5.2888159949356
2.8535100000000	-5.3059155897004
2.8535200000000	-5.3269194149006
2.8535300000000	-5.3478975520192
2.8535400000000	-5.3688567612002
2.8535500000000	-5.3937018248018
2.8535600000000	-5.4185428634090
2.8535700000000	-5.4433866956325
2.8535800000000	-5.4721113706881
2.8535900000000	-5.5008578485684
2.8536000000000	-5.5296330770278
2.8536100000000	-5.5622967811315
2.8536200000000	-5.5950122541900
2.8536300000000	-5.6277866522405
2.8536400000000	-5.6644691693629
2.8536500000000	-5.7012375900998
2.8536600000000	-5.7380993665253
2.8536700000000	-5.7789003580943
2.8536800000000	-5.8198256394763
2.8536900000000	-5.8608830557383
2.8537000000000	-5.9059217448972
2.8537100000000	-5.9511274953279
2.8537200000000	-5.9965086522442
2.8537300000000	-6.0459236705023
2.8537400000000	-6.0955530908307
2.8537500000000	-6.1454058773854
2.8537600000000	-6.1993552681389
2.8537700000000	-6.2535712070002
2.8537800000000	-6.3080634094985
2.8537900000000	-6.3667247886261
2.8538000000000	-6.4257099582871
2.8538100000000	-6.4850295340178
2.8538200000000	-6.5486004139045
2.8538300000000	-6.6125577751719
2.8538400000000	-6.6769133015195
2.8538500000000	-6.7456115918986
2.8538600000000	-6.8147649240002
2.8538700000000	-6.8843862415739
2.8538800000000	-6.9584509486098
2.8538900000000	-7.0330456284849
2.8539000000000	-7.1081847058944
2.8539100000000	-7.1878768603365
2.8539200000000	-7.2681808856600
2.8539300000000	-7.3491129440283
2.8539400000000	-7.4347168003591
2.8539500000000	-7.5210221024480
2.8539600000000	-7.6080470504116
2.8539700000000	-7.6998716119651
2.8539800000000	-7.7924957186955
2.8539900000000	-7.8859399634916
2.8540000000000	-7.9843209042890
2.8540100000000	-8.0836090299130
2.8540200000000	-8.1838277481443
2.8540300000000	-8.2891298207363
2.8540400000000	-8.3954574794468
2.8540500000000	-8.5028374526214
2.8540600000000	-8.6154574938414
2.8540700000000	-8.7292337581636
2.8540800000000	-8.8441969040923
2.8540900000000	-8.9645675773422
2.8541000000000	-9.0862391313327
2.8541100000000	-9.2092468937475
2.8541200000000	-9.3378413390760
2.8541300000000	-9.4678975113134
2.8541400000000	-9.5994563079140
2.8541500000000	-9.7367939098285
2.8541600000000	-9.8757729132460
2.8541700000000	-10.016440887944
2.8541800000000	-10.163094417358
2.8541900000000	-10.311591072876
2.8542000000000	-10.461986451971
2.8542100000000	-10.618590893037
2.8542200000000	-10.777266172482
2.8542300000000	-10.938077587675
2.8542400000000	-11.105341021693
2.8542500000000	-11.274933810950
2.8542600000000	-11.446933021605
2.8542700000000	-11.625650005242
2.8542800000000	-11.806991555795
2.8542900000000	-11.991049072215
2.8543000000000	-12.182117004005
2.8543100000000	-12.376148595184
2.8543200000000	-12.573252754694
2.8543300000000	-12.777691746125
2.8543400000000	-12.985486087390
2.8543500000000	-13.196766121706
2.8543600000000	-13.415742816539
2.8543700000000	-13.638529602265
2.8543800000000	-13.865283061076
2.8543900000000	-14.100138547879
2.8544000000000	-14.339334168574
2.8544100000000	-14.583058516367
2.8544200000000	-14.835339670519
2.8544300000000	-15.092580022426
2.8544400000000	-15.355006840822
2.8544500000000	-15.626498499681
2.8544600000000	-15.903671329077
2.8544700000000	-16.186798319346
2.8544800000000	-16.479549296372
2.8544900000000	-16.778816833963
2.8545000000000	-17.084925483715
2.8545100000000	-17.401251601749
2.8545200000000	-17.725041535949
2.8545300000000	-18.056671877357
2.8545400000000	-18.399097333915
2.8545500000000	-18.750011806837
2.8545600000000	-19.109828873607
2.8545700000000	-19.480878517686
2.8545800000000	-19.861407471190
2.8545900000000	-20.251811669518
2.8546000000000	-20.653458546203
2.8546100000000	-21.065243415210
2.8546200000000	-21.487395452130
2.8546300000000	-21.919733722463
2.8546400000000	-22.361828835919
2.8546500000000	-22.813382936804
2.8546600000000	-23.271633510007
2.8546700000000	-23.736657388218
2.8546800000000	-24.206857163567
2.8546900000000	-24.675155424245
2.8547000000000	-25.141636081206
2.8547100000000	-25.602102449537
2.8547200000000	-26.042891216588
2.8547300000000	-26.463701164867
2.8547400000000	-26.856873681346
2.8547500000000	-27.201609157561
2.8547600000000	-27.499429072568
2.8547700000000	-27.742349785221
2.8547800000000	-27.908555002212
2.8547900000000	-28.008436322271
2.8548000000000	-28.041465326729
2.8548100000000	-27.994562507229
2.8548200000000	-27.889686251587
2.8548300000000	-27.734586493486
2.8548400000000	-27.524437016281
2.8548500000000	-27.283471467596
2.8548600000000	-27.019946570162
2.8548700000000	-26.730650953555
2.8548800000000	-26.434073615039
2.8548900000000	-26.134944229080
2.8549000000000	-25.829297531670
2.8549100000000	-25.529155125818
2.8549200000000	-25.236347075644
2.8549300000000	-24.946691976742
2.8549400000000	-24.667675698049
2.8549500000000	-24.399632947968
2.8549600000000	-24.138838887415
2.8549700000000	-23.889969643441
2.8549800000000	-23.652746752286
2.8549900000000	-23.424152226299
2.8550000000000	-23.207145215908
2.8550100000000	-23.001253751948
2.8550200000000	-22.804154168085
2.8550300000000	-22.617736359517
2.8550400000000	-22.441510322047
2.8550500000000	-22.273733554873
2.8550600000000	-22.115618451869
2.8550700000000	-21.966722003895
2.8550800000000	-21.825748270218
2.8550900000000	-21.693481607672
2.8551000000000	-21.569544596630
2.8551100000000	-21.452961377423
2.8551200000000	-21.344257215576
2.8551300000000	-21.243120634817
2.8551400000000	-21.148785360206
2.8551500000000	-21.061639423231
2.8551600000000	-20.981431365495
2.8551700000000	-20.907509694346
2.8551800000000	-20.840218643032
2.8551900000000	-20.779359471997
2.8552000000000	-20.724313552932
2.8552100000000	-20.675457247717
2.8552200000000	-20.632637756602
2.8552300000000	-20.595197060380
2.8552400000000	-20.563608791878
2.8552500000000	-20.537760462657
2.8552600000000	-20.516889123393
2.8552700000000	-20.501624422782
2.8552800000000	-20.491889826646
2.8552900000000	-20.486756108713
2.8553000000000	-20.487064326031
2.8553100000000	-20.492770747033
2.8553200000000	-20.502720574256
2.8553300000000	-20.518020573492
2.8553400000000	-20.538657752910
2.8553500000000	-20.563192653737
2.8553600000000	-20.593052762662
2.8553700000000	-20.628254741602
2.8553800000000	-20.667013929669
2.8553900000000	-20.711135809500
2.8554000000000	-20.760666501189
2.8554100000000	-20.813412600133
2.8554200000000	-20.871618556419
2.8554300000000	-20.935360588441
2.8554400000000	-21.001968481604
2.8554500000000	-21.074191734271
2.8554600000000	-21.152138116691
2.8554700000000	-21.232586445519
2.8554800000000	-21.318863925379
2.8554900000000	-21.411112154935
2.8555000000000	-21.505477053773
2.8555100000000	-21.605944355805
2.8555200000000	-21.712692628301
2.8555300000000	-21.821143346079
2.8555400000000	-21.936031528726
2.8555500000000	-22.057576787812
2.8555600000000	-22.180372899889
2.8555700000000	-22.310006868528
2.8555800000000	-22.446744464858
2.8555900000000	-22.584234419182
2.8556000000000	-22.729032669363
2.8556100000000	-22.881457439582
2.8556200000000	-23.034078212869
2.8556300000000	-23.194553738847
2.8556400000000	-23.363262343081
2.8556500000000	-23.531540012240
2.8556600000000	-23.708302217153
2.8556700000000	-23.893996608026
2.8556800000000	-24.078547685133
2.8556900000000	-24.272305179587
2.8557000000000	-24.475797136419
2.8557100000000	-24.677330602671
2.8557200000000	-24.888894885409
2.8557300000000	-25.111111679894
2.8557400000000	-25.330431843546
2.8557500000000	-25.560722091084
2.8557600000000	-25.802713640154
2.8557700000000	-26.040724342835
2.8557800000000	-26.290774025975
2.8557900000000	-26.553722495475
2.8558000000000	-26.811433992362
2.8558100000000	-27.082401017451
2.8558200000000	-27.367635051719
2.8558300000000	-27.646176414425
2.8558400000000	-27.939360345550
2.8558500000000	-28.248378393238
2.8558600000000	-28.549021021603
2.8558700000000	-28.865894261520
2.8558800000000	-29.200405565715
2.8558900000000	-29.524607956768
2.8559000000000	-29.866873244959
2.8559100000000	-30.228871790277
2.8559200000000	-30.578362413488
2.8559300000000	-30.948056842395
2.8559400000000	-31.339952998065
2.8559500000000	-31.716875322051
2.8559600000000	-32.116548647791
2.8559700000000	-32.541391515032
2.8559800000000	-32.948533714275
2.8559900000000	-33.381522654327
2.8560000000000	-33.843334118366
2.8560100000000	-34.284421929072
2.8560200000000	-34.755173173345
2.8560300000000	-35.259311180278
2.8560400000000	-35.739124351857
2.8560500000000	-36.253198868753
2.8560600000000	-36.806199743840
2.8560700000000	-37.329490235670
2.8560800000000	-37.891716030412
2.8560900000000	-38.498326358744
2.8561000000000	-39.063646582123
2.8561100000000	-39.668649853239
2.8561200000000	-40.317479634140
2.8561300000000	-40.892845746577
2.8561400000000	-41.489529654510
2.8561500000000	-42.102043988854
2.8561600000000	-42.553306736199
2.8561700000000	-42.956218702775
2.8561800000000	-43.288448045483
2.8561900000000	-43.350201105886
2.8562000000000	-43.285928341555
2.8562100000000	-42.990937829049
2.8562200000000	-42.454362559520
2.8562300000000	-41.856064597820
2.8562400000000	-41.223792832614
2.8562500000000	-40.412366082956
2.8562600000000	-39.631855653495
2.8562700000000	-38.887224426864
2.8562800000000	-38.050838649641
2.8562900000000	-37.273357948298
2.8563000000000	-36.548385541838
2.8563100000000	-35.767445438589
2.8563200000000	-35.044167802199
2.8563300000000	-34.370767967136
2.8563400000000	-33.656664408794
2.8563500000000	-32.992669843454
2.8563600000000	-32.372114801358
2.8563700000000	-31.718939921714
2.8563800000000	-31.108384740247
2.8563900000000	-30.535102251638
2.8564000000000	-29.934526363155
2.8564100000000	-29.370331158160
2.8564200000000	-28.838252661598
2.8564300000000	-28.282924808967
2.8564400000000	-27.758947535223
2.8564500000000	-27.262885578946
2.8564600000000	-26.746874557263
2.8564700000000	-26.258144821877
2.8564800000000	-25.793892845073
2.8564900000000	-25.312477586543
2.8565000000000	-24.855008024181
2.8565100000000	-24.419168954903
2.8565200000000	-23.968557503742
2.8565300000000	-23.539117571655
2.8565400000000	-23.128918104108
2.8565500000000	-22.706018469020
2.8565600000000	-22.301952234996
2.8565700000000	-21.915095592351
2.8565800000000	-21.517348043600
2.8565900000000	-21.136440523109
2.8566000000000	-20.770998513086
2.8566100000000	-20.396255701176
2.8566200000000	-20.036636671085
2.8566300000000	-19.690971645451
2.8566400000000	-19.337412218142
2.8566500000000	-18.997486320860
2.8566600000000	-18.670194061170
2.8566700000000	-18.336259061397
2.8566800000000	-18.014653858185
2.8566900000000	-17.704520765552
2.8567000000000	-17.388865530996
2.8567100000000	-17.084391826695
2.8567200000000	-16.790361917523
2.8567300000000	-16.491818692562
2.8567400000000	-16.203439384178
2.8567500000000	-15.924588122817
2.8567600000000	-15.642136250138
2.8567700000000	-15.368941242035
2.8567800000000	-15.104454264464
2.8567900000000	-14.837195892703
2.8568000000000	-14.578381458350
2.8568100000000	-14.327536905231
2.8568200000000	-14.074676837457
2.8568300000000	-13.829528348790
2.8568400000000	-13.591681957742
2.8568500000000	-13.352510711486
2.8568600000000	-13.120388009735
2.8568700000000	-12.894960397521
2.8568800000000	-12.668839840633
2.8568900000000	-12.449164754113
2.8569000000000	-12.235630504908
2.8569100000000	-12.021981627275
2.8569200000000	-11.814227297141
2.8569300000000	-11.612105596236
2.8569400000000	-11.410398109110
2.8569500000000	-11.214079887076
2.8569600000000	-11.022926521010
2.8569700000000	-10.832670064257
2.8569800000000	-10.647337815513
2.8569900000000	-10.466738413052
2.8570000000000	-10.287475208728
2.8570100000000	-10.112706896934
2.8570200000000	-9.9422713177337
2.8570300000000	-9.7735701453883
2.8570400000000	-9.6089666034049
2.8570500000000	-9.4483244001409
2.8570600000000	-9.2897757900988
2.8570700000000	-9.1349565937547
2.8570800000000	-8.9837534810729
2.8570900000000	-8.8349660325600
2.8571000000000	-8.6895663999142
2.8571100000000	-8.5474616649831
2.8571200000000	-8.4080593990067
2.8571300000000	-8.2717280374280
2.8571400000000	-8.1383928240391
2.8571500000000	-8.0080134803071
2.8571600000000	-7.8804113007579
2.8571700000000	-7.7555276944970
2.8571800000000	-7.6338218797462
2.8571900000000	-7.5146214948394
2.8572000000000	-7.3978823334895
2.8572100000000	-7.2845134276597
2.8572200000000	-7.1733993485888
2.8572300000000	-7.0645086805353
2.8572400000000	-6.9591534090585
2.8572500000000	-6.8558228587422
2.8572600000000	-6.7544969747744
2.8572700000000	-6.6568465607842
2.8572800000000	-6.5610108264854
2.8572900000000	-6.4669797969596
2.8573000000000	-6.3767416174917
2.8573100000000	-6.2881278771858
2.8573200000000	-6.2011375384800
2.8573300000000	-6.1180372237051
2.8573400000000	-6.0363907960845
2.8573500000000	-5.9562051466724
2.8573600000000	-5.8799890808709
2.8573700000000	-5.8050760694576
2.8573800000000	-5.7314800574493
2.8573900000000	-5.6619182650065
2.8574000000000	-5.5935285920870
2.8574100000000	-5.5263313023959
2.8574200000000	-5.4632207309931
2.8574300000000	-5.4011715870182
2.8574400000000	-5.3402098673557
2.8574500000000	-5.2833781142344
2.8574600000000	-5.2275178833105
2.8574700000000	-5.1726604848265
2.8574800000000	-5.1219700508268
2.8574900000000	-5.0721828133842
2.8575000000000	-5.0233351643942
2.8575100000000	-4.9786883655067
2.8575200000000	-4.9348991268352
2.8575300000000	-4.8920089086521
2.8575400000000	-4.8533536276098
2.8575500000000	-4.8155344771660
2.8575600000000	-4.7785982314274
2.8575700000000	-4.7459347549575
2.8575800000000	-4.7141122293299
2.8575900000000	-4.6831832999951
2.8576000000000	-4.6565725637811
2.8576100000000	-4.6308365692002
2.8576200000000	-4.6060347730805
2.8576300000000	-4.5856084302394
2.8576400000000	-4.5661231830658
2.8576500000000	-4.5476467154746
2.8576600000000	-4.5336195600056
2.8576700000000	-4.5206371304091
2.8576800000000	-4.5087773521568
2.8576900000000	-4.5014627703873
2.8577000000000	-4.4953399695390
2.8577100000000	-4.4904998921840
2.8577200000000	-4.4903291849729
2.8577300000000	-4.4915487209096
2.8577400000000	-4.4942662089336
2.8577500000000	-4.5018128210628
2.8577600000000	-4.5110098556552
2.8577700000000	-4.5219867862984
2.8577800000000	-4.5379966776190
2.8577900000000	-4.5559921200484
2.8578000000000	-4.5761309474558
2.8578100000000	-4.6015604885910
2.8578200000000	-4.6294024875098
2.8578300000000	-4.6598517536548
2.8578400000000	-4.6959144966831
2.8578500000000	-4.7349294739042
2.8578600000000	-4.7771395741248
2.8578700000000	-4.8253627392445
2.8578800000000	-4.8772165589904
2.8578900000000	-4.9330060091765
2.8579000000000	-4.9952958868746
2.8579100000000	-5.0620635286251
2.8579200000000	-5.1336929954406
2.8579300000000	-5.2124042523269
2.8579400000000	-5.2966407855477
2.8579500000000	-5.3868848003543
2.8579600000000	-5.4848787330233
2.8579700000000	-5.5896713535218
2.8579800000000	-5.7018605341247
2.8579900000000	-5.8225146391631
2.8580000000000	-5.9514658507430
2.8580100000000	-6.0894335484211
2.8580200000000	-6.2365134126555
2.8580300000000	-6.3935383360346
2.8580400000000	-6.5613177290697
2.8580500000000	-6.7385117177986
2.8580600000000	-6.9271876804398
2.8580700000000	-7.1281155941576
2.8580800000000	-7.3377828594175
2.8580900000000	-7.5596700250864
2.8581000000000	-7.7941477986938
2.8581100000000	-8.0343579655809
2.8581200000000	-8.2851366093899
2.8581300000000	-8.5456273830662
2.8581400000000	-8.8038806680644
2.8581500000000	-9.0655209704416
2.8581600000000	-9.3269898832535
2.8581700000000	-9.5693796826364
2.8581800000000	-9.7981804092146
2.8581900000000	-10.005941058107
2.8582000000000	-10.167589520316
2.8582100000000	-10.289329277835
2.8582200000000	-10.362690170556
2.8582300000000	-10.365059108963
2.8582400000000	-10.308169760772
2.8582500000000	-10.190501767517
2.8582600000000	-10.003740220211
2.8582700000000	-9.7657172963994
2.8582800000000	-9.4831283437468
2.8582900000000	-9.1609773734027
2.8583000000000	-8.8138175393612
2.8583100000000	-8.4491084145136
2.8583200000000	-8.0763781853814
2.8583300000000	-7.7009210290453
2.8583400000000	-7.3270023858216
2.8583500000000	-6.9643081850880
2.8583600000000	-6.6103832988397
2.8583700000000	-6.2668167782267
2.8583800000000	-5.9427163379673
2.8583900000000	-5.6312720697945
2.8584000000000	-5.3326837592091
2.8584100000000	-5.0555107482810
2.8584200000000	-4.7910835892403
2.8584300000000	-4.5390355097508
2.8584400000000	-4.3073881101684
2.8584500000000	-4.0870391095642
2.8584600000000	-3.8774561053337
2.8584700000000	-3.6860907506146
2.8584800000000	-3.5041389486286
2.8584900000000	-3.3310748326190
2.8585000000000	-3.1737544529724
2.8585100000000	-3.0240080550793
2.8585200000000	-2.8813800034078
2.8585300000000	-2.7521291510495
2.8585400000000	-2.6288423432535
2.8585500000000	-2.5111493065886
2.8585600000000	-2.4047322690383
2.8585700000000	-2.3029453561618
2.8585800000000	-2.2054985383909
2.8585900000000	-2.1175328916933
2.8586000000000	-2.0331259675283
2.8586100000000	-1.9520557751296
2.8586200000000	-1.8789656928471
2.8586300000000	-1.8085896734429
2.8586400000000	-1.7407603887600
2.8586500000000	-1.6796698431883
2.8586600000000	-1.6206349576543
2.8586700000000	-1.5635309488723
2.8586800000000	-1.5121443025049
2.8586900000000	-1.4623035597317
2.8587000000000	-1.4139164014393
2.8587100000000	-1.3704072093068
2.8587200000000	-1.3280507699323
2.8587300000000	-1.2867792231946
2.8587400000000	-1.2496947970741
2.8587500000000	-1.2134605168398
2.8587600000000	-1.1780267982439
2.8587700000000	-1.1462097939880
2.8587800000000	-1.1150102363665
2.8587900000000	-1.0843921228159
2.8588000000000	-1.0569177080230
2.8588100000000	-1.0298818674476
2.8588200000000	-1.0032586547016
2.8588300000000	-0.97938488950201
2.8588400000000	-0.95581223908608
2.8588500000000	-0.93252218310822
2.8588600000000	-0.91165115292159
2.8588700000000	-0.89097565675116
2.8588800000000	-0.87048264594533
2.8588900000000	-0.85213013644717
2.8589000000000	-0.83389215258915
2.8589100000000	-0.81575966841888
2.8589200000000	-0.79953153234115
2.8589300000000	-0.78335588879350
2.8589400000000	-0.76722666135372
2.8589500000000	-0.75280038604122
2.8589600000000	-0.73837925332521
2.8589700000000	-0.72395934183093
2.8589800000000	-0.71106964265835
2.8589900000000	-0.69814912180295
2.8590000000000	-0.68519542482181
2.8590100000000	-0.67362295098882
2.8590200000000	-0.66199253720674
2.8590300000000	-0.65030296063591
2.8590400000000	-0.63986540845069
2.8590500000000	-0.62934968262203
2.8590600000000	-0.61875536976860
2.8590700000000	-0.60930046160939
2.8590800000000	-0.59975251127550
2.8590900000000	-0.59011167662616
2.8591000000000	-0.58151158967279
2.8591100000000	-0.57280777659528
2.8591200000000	-0.56400079057566
2.8591300000000	-0.55614771591975
2.8591400000000	-0.54818349569926
2.8591500000000	-0.54010894880765
2.8591600000000	-0.53291153526354
2.8591700000000	-0.52559810210166
2.8591800000000	-0.51816963876756
2.8591900000000	-0.51155013193196
2.8592000000000	-0.50481171323108
2.8592100000000	-0.49795547315190
2.8592200000000	-0.49184740316612
2.8592300000000	-0.48561906809101
2.8592400000000	-0.47927160905588
2.8592500000000	-0.47361791329741
2.8592600000000	-0.46784378961427
2.8592700000000	-0.46195039361115
2.8592800000000	-0.45670188566187
2.8592900000000	-0.45133370232459
2.8593000000000	-0.44584698810242
2.8593100000000	-0.44096110362206
2.8593200000000	-0.43595699439515
2.8593300000000	-0.43083577611517
2.8593400000000	-0.42627554111892
2.8593500000000	-0.42159905829848
2.8593600000000	-0.41680740266158
2.8593700000000	-0.41254058119860
2.8593800000000	-0.40815987915384
2.8593900000000	-0.40366632327514
2.8594000000000	-0.39966471043741
2.8594100000000	-0.39555186699777
2.8594200000000	-0.39132876702797
2.8594300000000	-0.38756760017831
2.8594400000000	-0.38369805037357
2.8594500000000	-0.37972103689075
2.8594600000000	-0.37617850344975
2.8594700000000	-0.37253056519582
2.8594800000000	-0.36877808614531
2.8594900000000	-0.36543491056058
2.8595000000000	-0.36198938588612
2.8595100000000	-0.35844232158258
2.8595200000000	-0.35528141747963
2.8595300000000	-0.35202125605453
2.8595400000000	-0.34866259372871
2.8595500000000	-0.34566876992410
2.8595600000000	-0.34257878416532
2.8595700000000	-0.33939334189133
2.8595800000000	-0.33655305307799
2.8595900000000	-0.33361967610576
2.8596000000000	-0.33059386783103
2.8596100000000	-0.32789500244350
2.8596200000000	-0.32510608176783
2.8596300000000	-0.32222771667458
2.8596400000000	-0.31965941580893
2.8596500000000	-0.31700403690966
2.8596600000000	-0.31426214754685
2.8596700000000	-0.31181464990568
2.8596800000000	-0.30928298490710
2.8596900000000	-0.30666767951876
2.8597000000000	-0.30433218823767
2.8597100000000	-0.30191536571794
2.8597200000000	-0.29941770098038
2.8597300000000	-0.29718626891039
2.8597400000000	-0.29487626156649
2.8597500000000	-0.29248813259769
2.8597600000000	-0.29035356320481
2.8597700000000	-0.28814309064978
2.8597800000000	-0.28585713567957
2.8597900000000	-0.28381289719528
2.8598000000000	-0.28169534161648
2.8598100000000	-0.27950485913757
2.8598200000000	-0.27754500998899
2.8598300000000	-0.27551434277188
2.8598400000000	-0.27341321934652
2.8598500000000	-0.27153234321447
2.8598600000000	-0.26958306093789
2.8598700000000	-0.26756570812794
2.8598800000000	-0.26575885724434
2.8598900000000	-0.26388592571078
2.8599000000000	-0.26194722484074
2.8599100000000	-0.26020987035809
2.8599200000000	-0.25840867552930
2.8599300000000	-0.25654392918985
2.8599400000000	-0.25487191763565
2.8599500000000	-0.25313822251880
2.8599600000000	-0.25134311188966
2.8599700000000	-0.24973262686995
2.8599800000000	-0.24806253354467
2.8599900000000	-0.24633308075020
2.8600000000000	-0.24478060919211
