#Parameters = {n=0.01; f0=2856000000; lambda=0.10496934803922; l=0.0010496934803922; LL=0.11}
#"Frequency / GHz"	"S1,1 (11) [Magnitude in dB]"
#-----------------------------------------------
2.8500000000000	-3.6896721520373
2.8500100000000	-3.6497270879342
2.8500200000000	-3.5754799299323
2.8500300000000	-3.4726365149804
2.8500400000000	-3.3439641344904
2.8500500000000	-3.1999763621702
2.8500600000000	-3.0470699508342
2.8500700000000	-2.8870771850094
2.8500800000000	-2.7283026344251
2.8500900000000	-2.5739406322599
2.8501000000000	-2.4233738393711
2.8501100000000	-2.2813102766441
2.8501200000000	-2.1484054154600
2.8501300000000	-2.0228372305108
2.8501400000000	-1.9069424910766
2.8501500000000	-1.8002883486717
2.8501600000000	-1.7009512801068
2.8501700000000	-1.6100410234571
2.8501800000000	-1.5268615390443
2.8501900000000	-1.4498337899773
2.8502000000000	-1.3794684083759
2.8502100000000	-1.3151206556003
2.8502200000000	-1.2556326359023
2.8502300000000	-1.2012127388416
2.8502400000000	-1.1513470093941
2.8502500000000	-1.1052436874442
2.8502600000000	-1.0629454577481
2.8502700000000	-1.0240654074897
2.8502800000000	-0.98809706478598
2.8502900000000	-0.95498225967069
2.8503000000000	-0.92443590094940
2.8503100000000	-0.89616519459069
2.8503200000000	-0.87004397880516
2.8503300000000	-0.84586323531976
2.8503400000000	-0.82348878763880
2.8503500000000	-0.80274447947639
2.8503600000000	-0.78347658007315
2.8503700000000	-0.76566950534332
2.8503800000000	-0.74910770468458
2.8503900000000	-0.73367728083754
2.8504000000000	-0.71945283569300
2.8504100000000	-0.70618602019950
2.8504200000000	-0.69379165436095
2.8504300000000	-0.68241457150706
2.8504400000000	-0.67177785343249
2.8504500000000	-0.66181713525302
2.8504600000000	-0.65273353606250
2.8504700000000	-0.64422428167911
2.8504800000000	-0.63624021226567
2.8504900000000	-0.62902903634555
2.8505000000000	-0.62226379742786
2.8505100000000	-0.61590654095202
2.8505200000000	-0.61024488639307
2.8505300000000	-0.60492861550134
2.8505400000000	-0.59992810658197
2.8505500000000	-0.59556637680120
2.8505600000000	-0.59147029570624
2.8505700000000	-0.58761649332162
2.8505800000000	-0.58436044746329
2.8505900000000	-0.58130601461030
2.8506000000000	-0.57843455397180
2.8506100000000	-0.57613223561805
2.8506200000000	-0.57397943343775
2.8506300000000	-0.57196111064846
2.8506400000000	-0.57049324696743
2.8506500000000	-0.56913195139332
2.8506600000000	-0.56786495100967
2.8506700000000	-0.56713784163458
2.8506800000000	-0.56648141012666
2.8506900000000	-0.56588551352311
2.8507000000000	-0.56582572251719
2.8507100000000	-0.56580619437825
2.8507200000000	-0.56581843266363
2.8507300000000	-0.56636879953215
2.8507400000000	-0.56693327999211
2.8507500000000	-0.56750465136577
2.8507600000000	-0.56862127731128
2.8507700000000	-0.56972920013674
2.8507800000000	-0.57082218016528
2.8507900000000	-0.57247214349094
2.8508000000000	-0.57409319301439
2.8508100000000	-0.57567984240744
2.8508200000000	-0.57783946559809
2.8508300000000	-0.57995199975413
2.8508400000000	-0.58201252800058
2.8508500000000	-0.58466606764050
2.8508600000000	-0.58725592674791
2.8508700000000	-0.58977760835259
2.8508800000000	-0.59291627383675
2.8508900000000	-0.59597589085970
2.8509000000000	-0.59895225857962
2.8509100000000	-0.60257349072795
2.8509200000000	-0.60610124124311
2.8509300000000	-0.60953150088342
2.8509400000000	-0.61363845997476
2.8509500000000	-0.61763820660302
2.8509600000000	-0.62152683281642
2.8509700000000	-0.62612805918176
2.8509800000000	-0.63060885754427
2.8509900000000	-0.63496534121677
2.8510000000000	-0.64007456178461
2.8510100000000	-0.64505050436474
2.8510200000000	-0.64988923066014
2.8510300000000	-0.65552529268944
2.8510400000000	-0.66101547415601
2.8510500000000	-0.66635571689350
2.8510600000000	-0.67254263626408
2.8510700000000	-0.67857122949371
2.8510800000000	-0.68443725280687
2.8510900000000	-0.69120436916631
2.8511000000000	-0.69780080581631
2.8511100000000	-0.70422206837751
2.8511200000000	-0.71160430352167
2.8511300000000	-0.71880355687842
2.8511400000000	-0.72581501769875
2.8511500000000	-0.73385323708824
2.8511600000000	-0.74169620833312
2.8511700000000	-0.74933873645403
2.8511800000000	-0.75808021690241
2.8511900000000	-0.76661422903138
2.8512000000000	-0.77493512251267
2.8512100000000	-0.78443413204967
2.8512200000000	-0.79371353866304
2.8512300000000	-0.80276716128576
2.8512400000000	-0.81308566005149
2.8512500000000	-0.82317257916197
2.8512600000000	-0.83302112629934
2.8512700000000	-0.84422960023274
2.8512800000000	-0.85519478628240
2.8512900000000	-0.86590919457248
2.8513000000000	-0.87808763667110
2.8513100000000	-0.89001150712919
2.8513200000000	-0.90167252597241
2.8513300000000	-0.91491158309084
2.8513400000000	-0.92788541943557
2.8513500000000	-0.94058486604258
2.8513600000000	-0.95498717265979
2.8513700000000	-0.96911451929208
2.8513800000000	-0.98295674305015
2.8513900000000	-0.99863846715488
2.8514000000000	-1.0140367558546
2.8514100000000	-1.0291403422494
2.8514200000000	-1.0462329725901
2.8514300000000	-1.0630354046096
2.8514400000000	-1.0795351538686
2.8514500000000	-1.0981875621570
2.8514600000000	-1.1165452848697
2.8514700000000	-1.1345945058219
2.8514800000000	-1.1549753222518
2.8514900000000	-1.1750599425079
2.8515000000000	-1.1948331079872
2.8515100000000	-1.2171334533106
2.8515200000000	-1.2391399351068
2.8515300000000	-1.2608357513302
2.8515400000000	-1.2852723738202
2.8515500000000	-1.3094223735537
2.8515600000000	-1.3332673222382
2.8515700000000	-1.3600861928231
2.8515800000000	-1.3866318909093
2.8515900000000	-1.4128843091223
2.8516000000000	-1.4423647325025
2.8516100000000	-1.4715932252252
2.8516200000000	-1.5005479937820
2.8516300000000	-1.5330072970653
2.8516400000000	-1.5652456167196
2.8516500000000	-1.5972395327273
2.8516600000000	-1.6330383953141
2.8516700000000	-1.6686592292314
2.8516800000000	-1.7040771414984
2.8516900000000	-1.7436256300512
2.8517000000000	-1.7830538093296
2.8517100000000	-1.8223355959370
2.8517200000000	-1.8660999650779
2.8517300000000	-1.9098197905962
2.8517400000000	-1.9534682547898
2.8517500000000	-2.0019785671549
2.8517600000000	-2.0505420329811
2.8517700000000	-2.0991317859792
2.8517800000000	-2.1529903930161
2.8517900000000	-2.2070263544337
2.8518000000000	-2.2612137405929
2.8518100000000	-2.3211046478202
2.8518200000000	-2.3813289629428
2.8518300000000	-2.4418630640661
2.8518400000000	-2.5085621816121
2.8518500000000	-2.5757888320191
2.8518600000000	-2.6435235642888
2.8518700000000	-2.7179098168036
2.8518800000000	-2.7930629864834
2.8518900000000	-2.8689702787806
2.8519000000000	-2.9520375224214
2.8519100000000	-3.0361645902408
2.8519200000000	-3.1213486123171
2.8519300000000	-3.2142182865250
2.8519400000000	-3.3085036731237
2.8519500000000	-3.4042160759165
2.8519600000000	-3.5081505138526
2.8519700000000	-3.6139303302966
2.8519800000000	-3.7215864808246
2.8519900000000	-3.8380028235826
2.8520000000000	-3.9567803060006
2.8520100000000	-4.0779765565445
2.8520200000000	-4.2084612666115
2.8520300000000	-4.3419230497811
2.8520400000000	-4.4784551734850
2.8520500000000	-4.6247792012319
2.8520600000000	-4.7748125532294
2.8520700000000	-4.9286955621296
2.8520800000000	-5.0928302032670
2.8520900000000	-5.2615413030836
2.8521000000000	-5.4350307935539
2.8521100000000	-5.6191639600317
2.8521200000000	-5.8088968538363
2.8521300000000	-6.0045114147921
2.8521400000000	-6.2110630331160
2.8521500000000	-6.4244175027304
2.8521600000000	-6.6449598180247
2.8521700000000	-6.8765909011529
2.8521800000000	-7.1164322501545
2.8521900000000	-7.3649999408573
2.8522000000000	-7.6246039561909
2.8522100000000	-7.8940493068932
2.8522200000000	-8.1740148784621
2.8522300000000	-8.4646575947678
2.8522400000000	-8.7669946756374
2.8522500000000	-9.0818971681099
2.8522600000000	-9.4066279525036
2.8522700000000	-9.7450647646140
2.8522800000000	-10.098278796167
2.8522900000000	-10.459630873895
2.8523000000000	-10.836635539188
2.8523100000000	-11.230499036186
2.8523200000000	-11.629260276910
2.8523300000000	-12.044940811808
2.8523400000000	-12.478615893165
2.8523500000000	-12.910953805854
2.8523600000000	-13.359299044476
2.8523700000000	-13.823858479640
2.8523800000000	-14.275056060511
2.8523900000000	-14.735981538186
2.8524000000000	-15.204415422684
2.8524100000000	-15.637331570691
2.8524200000000	-16.063363897256
2.8524300000000	-16.476028822717
2.8524400000000	-16.818814191718
2.8524500000000	-17.126460806535
2.8524600000000	-17.390027788248
2.8524700000000	-17.550534696136
2.8524800000000	-17.652091194051
2.8524900000000	-17.691707710030
2.8525000000000	-17.627123818320
2.8525100000000	-17.508835801066
2.8525200000000	-17.342437149399
2.8525300000000	-17.106794832766
2.8525400000000	-16.843819438166
2.8525500000000	-16.560038266825
2.8525600000000	-16.246446543572
2.8525700000000	-15.927925069335
2.8525800000000	-15.607856929949
2.8525900000000	-15.283336475635
2.8526000000000	-14.964968489819
2.8526100000000	-14.653730716623
2.8526200000000	-14.350606233609
2.8526300000000	-14.057236905664
2.8526400000000	-13.773532094854
2.8526500000000	-13.503201219134
2.8526600000000	-13.242821845168
2.8526700000000	-12.991973639647
2.8526800000000	-12.756200645377
2.8526900000000	-12.529344492497
2.8527000000000	-12.310954303320
2.8527100000000	-12.107722504749
2.8527200000000	-11.912079023507
2.8527300000000	-11.723638974304
2.8527400000000	-11.549748752803
2.8527500000000	-11.382179712709
2.8527600000000	-11.220631124139
2.8527700000000	-11.072763862916
2.8527800000000	-10.930123863086
2.8527900000000	-10.792486547173
2.8528000000000	-10.667601468767
2.8528100000000	-10.547039917717
2.8528200000000	-10.430639132375
2.8528300000000	-10.326091052407
2.8528400000000	-10.225136480105
2.8528500000000	-10.127660630731
2.8528600000000	-10.041205898965
2.8528700000000	-9.9577629085796
2.8528800000000	-9.8772534214298
2.8528900000000	-9.8070151223475
2.8529000000000	-9.7393298110256
2.8529100000000	-9.6741469442919
2.8529200000000	-9.6185690396437
2.8529300000000	-9.5651863973059
2.8529400000000	-9.5139695334415
2.8529500000000	-9.4717718350006
2.8529600000000	-9.4314945863771
2.8529700000000	-9.3931244855703
2.8529800000000	-9.3632627239348
2.8529900000000	-9.3351149985477
2.8530000000000	-9.3086806603599
2.8530100000000	-9.2903127122856
2.8530200000000	-9.2735093477329
2.8530300000000	-9.2582800631222
2.8530400000000	-9.2507381253003
2.8530500000000	-9.2446593763911
2.8530600000000	-9.2400617241072
2.8530700000000	-9.2428297851923
2.8530800000000	-9.2470008591809
2.8530900000000	-9.2526001216697
2.8531000000000	-9.2652960042736
2.8531100000000	-9.2793707826869
2.8531200000000	-9.2948562165729
2.8531300000000	-9.3172175235930
2.8531400000000	-9.3409658903550
2.8531500000000	-9.3661393446855
2.8531600000000	-9.3980127564517
2.8531700000000	-9.4313110535319
2.8531800000000	-9.4660785227362
2.8531900000000	-9.5074120141584
2.8532000000000	-9.5502362574770
2.8532100000000	-9.5946020588972
2.8532200000000	-9.6454397244927
2.8532300000000	-9.6978613221884
2.8532400000000	-9.7519246902735
2.8532500000000	-9.8124039762085
2.8532600000000	-9.8745877958527
2.8532700000000	-9.9385417844773
2.8532800000000	-10.008893031433
2.8532900000000	-10.081097763233
2.8533000000000	-10.155230445355
2.8533100000000	-10.235778892233
2.8533200000000	-10.318359899729
2.8533300000000	-10.403058097373
2.8533400000000	-10.494227726486
2.8533500000000	-10.587641805424
2.8533600000000	-10.683396812078
2.8533700000000	-10.785717689835
2.8533800000000	-10.890531433694
2.8533900000000	-10.997948473012
2.8534000000000	-11.112066447029
2.8534100000000	-11.228967119704
2.8534200000000	-11.348777482999
2.8534300000000	-11.475467356277
2.8534400000000	-11.605277432218
2.8534500000000	-11.738354494295
2.8534600000000	-11.878536989236
2.8534700000000	-12.022232696146
2.8534800000000	-12.169612162240
2.8534900000000	-12.324375102001
2.8535000000000	-12.483109373132
2.8535100000000	-12.646014126066
2.8535200000000	-12.816638020471
2.8535300000000	-12.991767917296
2.8535400000000	-13.171637351648
2.8535500000000	-13.359624854216
2.8535600000000	-13.552742554646
2.8535700000000	-13.751265005042
2.8535800000000	-13.958371921903
2.8535900000000	-14.171336029607
2.8536000000000	-14.390479847863
2.8536100000000	-14.618741243279
2.8536200000000	-14.853699794653
2.8536300000000	-15.095731643428
2.8536400000000	-15.347467249740
2.8536500000000	-15.606851659933
2.8536600000000	-15.874314813862
2.8536700000000	-16.152077017066
2.8536800000000	-16.438518938689
2.8536900000000	-16.734108836445
2.8537000000000	-17.040489537046
2.8537100000000	-17.356551309707
2.8537200000000	-17.682745565963
2.8537300000000	-18.019853114493
2.8537400000000	-18.367325648401
2.8537500000000	-18.725447897164
2.8537600000000	-19.093635368822
2.8537700000000	-19.471862548058
2.8537800000000	-19.859885124372
2.8537900000000	-20.254848051341
2.8538000000000	-20.656975107460
2.8538100000000	-21.064709470932
2.8538200000000	-21.471375505896
2.8538300000000	-21.876763242938
2.8538400000000	-22.276652408921
2.8538500000000	-22.658473518865
2.8538600000000	-23.020847584305
2.8538700000000	-23.355868688737
2.8538800000000	-23.644597404352
2.8538900000000	-23.886195643465
2.8539000000000	-24.072030528424
2.8539100000000	-24.182876095304
2.8539200000000	-24.225430375632
2.8539300000000	-24.198494896699
2.8539400000000	-24.092513796473
2.8539500000000	-23.925326622293
2.8539600000000	-23.704638390761
2.8539700000000	-23.429884475653
2.8539800000000	-23.121372122393
2.8539900000000	-22.787701112526
2.8540000000000	-22.429846818037
2.8540100000000	-22.062590151002
2.8540200000000	-21.690970995851
2.8540300000000	-21.314721389111
2.8540400000000	-20.942415321476
2.8540500000000	-20.576071891477
2.8540600000000	-20.214732347261
2.8540700000000	-19.862732477522
2.8540800000000	-19.520511248775
2.8540900000000	-19.187213001367
2.8541000000000	-18.864633374102
2.8541100000000	-18.552549161663
2.8541200000000	-18.250569814694
2.8541300000000	-17.958980907673
2.8541400000000	-17.677336625303
2.8541500000000	-17.405787056288
2.8541600000000	-17.143686932779
2.8541700000000	-16.890553409944
2.8541800000000	-16.647033555710
2.8541900000000	-16.411880266488
2.8542000000000	-16.184643929973
2.8542100000000	-15.966390665482
2.8542200000000	-15.755466271326
2.8542300000000	-15.551475754124
2.8542400000000	-15.355825861730
2.8542500000000	-15.166576494481
2.8542600000000	-14.983389103746
2.8542700000000	-14.807942970641
2.8542800000000	-14.638091366905
2.8542900000000	-14.473546940948
2.8543000000000	-14.316205603098
2.8543100000000	-14.163768233118
2.8543200000000	-14.015991520730
2.8543300000000	-13.874943106579
2.8543400000000	-13.738210082361
2.8543500000000	-13.605586143091
2.8543600000000	-13.479274824293
2.8543700000000	-13.356777863084
2.8543800000000	-13.237919743707
2.8543900000000	-13.125011239907
2.8544000000000	-13.015490312547
2.8544100000000	-12.909206992641
2.8544200000000	-12.808556222580
2.8544300000000	-12.710929007504
2.8544400000000	-12.616196599643
2.8544500000000	-12.526819354540
2.8544600000000	-12.440154763719
2.8544700000000	-12.356091767637
2.8544800000000	-12.277140697420
2.8544900000000	-12.200636535319
2.8545000000000	-12.126483036029
2.8545100000000	-12.057227612270
2.8545200000000	-11.990191966930
2.8545300000000	-11.925292333161
2.8545400000000	-11.865102251415
2.8545500000000	-11.806938083778
2.8545600000000	-11.750726642455
2.8545700000000	-11.699058108037
2.8545800000000	-11.649250511728
2.8545900000000	-11.601239698845
2.8546000000000	-11.557624092369
2.8546100000000	-11.515729754563
2.8546200000000	-11.475500305101
2.8546300000000	-11.439534797981
2.8546400000000	-11.405173264184
2.8546500000000	-11.372366073776
2.8546600000000	-11.343705837809
2.8546700000000	-11.316552253155
2.8546800000000	-11.290861609824
2.8546900000000	-11.269213331055
2.8547000000000	-11.248992391851
2.8547100000000	-11.230160332923
2.8547200000000	-11.215277129325
2.8547300000000	-11.201758366970
2.8547400000000	-11.189570304117
2.8547500000000	-11.181246201480
2.8547600000000	-11.174238752204
2.8547700000000	-11.168518515054
2.8547800000000	-11.166585625118
2.8547900000000	-11.165935673797
2.8548000000000	-11.166543204694
2.8548100000000	-11.170868207631
2.8548200000000	-11.176455686607
2.8548300000000	-11.183283944185
2.8548400000000	-11.193765407924
2.8548500000000	-11.205501506420
2.8548600000000	-11.218474156614
2.8548700000000	-11.235040290643
2.8548800000000	-11.252865375913
2.8548900000000	-11.271934874457
2.8549000000000	-11.294541655620
2.8549100000000	-11.318423548671
2.8549200000000	-11.343569562879
2.8549300000000	-11.372199183338
2.8549400000000	-11.402131743829
2.8549500000000	-11.433359872425
2.8549600000000	-11.468019470322
2.8549700000000	-11.504021454957
2.8549800000000	-11.541362213931
2.8549900000000	-11.582082855917
2.8550000000000	-11.624197022829
2.8550100000000	-11.667705073010
2.8550200000000	-11.714540965089
2.8550300000000	-11.762833403641
2.8550400000000	-11.812587002425
2.8550500000000	-11.865614911814
2.8550600000000	-11.920174583327
2.8550700000000	-11.976275248883
2.8550800000000	-12.035594125051
2.8550900000000	-12.096532605307
2.8551000000000	-12.159104986889
2.8551100000000	-12.224835774814
2.8551200000000	-12.292287194060
2.8551300000000	-12.361479147052
2.8551400000000	-12.433764790148
2.8551500000000	-12.507885970797
2.8551600000000	-12.583868839623
2.8551700000000	-12.662874473837
2.8551800000000	-12.743845270309
2.8551900000000	-12.826814386903
2.8552000000000	-12.912727731267
2.8552100000000	-13.000751580348
2.8552200000000	-13.090926990033
2.8552300000000	-13.183958942475
2.8552400000000	-13.279263636403
2.8552500000000	-13.376891067357
2.8552600000000	-13.477276517742
2.8552700000000	-13.580115215845
2.8552800000000	-13.685467312268
2.8552900000000	-13.793466187666
2.8553000000000	-13.904118685661
2.8553100000000	-14.017496528793
2.8553200000000	-14.133395088381
2.8553300000000	-14.252169367552
2.8553400000000	-14.373904312311
2.8553500000000	-14.498016711312
2.8553600000000	-14.625250792219
2.8553700000000	-14.755706650477
2.8553800000000	-14.888376793717
2.8553900000000	-15.024440920975
2.8554000000000	-15.164016525323
2.8554100000000	-15.305620231081
2.8554200000000	-15.450919416493
2.8554300000000	-15.600051599902
2.8554400000000	-15.750999093388
2.8554500000000	-15.905976044245
2.8554600000000	-16.065143071719
2.8554700000000	-16.225881824338
2.8554800000000	-16.391020281022
2.8554900000000	-16.560745767746
2.8555000000000	-16.731763692512
2.8555100000000	-16.907592194913
2.8555200000000	-17.088449541919
2.8555300000000	-17.270278546924
2.8555400000000	-17.457374641092
2.8555500000000	-17.649992012692
2.8555600000000	-17.843211902821
2.8555700000000	-18.042206788762
2.8555800000000	-18.247272646714
2.8555900000000	-18.452515349575
2.8556000000000	-18.664098957899
2.8556100000000	-18.882368156248
2.8556200000000	-19.100322234200
2.8556300000000	-19.325248707445
2.8556400000000	-19.557549142686
2.8556500000000	-19.788964545017
2.8556600000000	-20.028058096160
2.8556700000000	-20.275297910542
2.8556800000000	-20.520990932704
2.8556900000000	-20.775152076089
2.8557000000000	-21.038327447004
2.8557100000000	-21.299185926557
2.8557200000000	-21.569398161141
2.8557300000000	-21.849601821785
2.8557400000000	-22.126590770795
2.8557500000000	-22.413928010745
2.8557600000000	-22.712358920128
2.8557700000000	-23.006527177333
2.8557800000000	-23.312162701826
2.8557900000000	-23.630137876952
2.8558000000000	-23.942627151692
2.8558100000000	-24.267845814100
2.8558200000000	-24.606816538024
2.8558300000000	-24.938875731271
2.8558400000000	-25.285093017164
2.8558500000000	-25.646669923519
2.8558600000000	-25.999680340834
2.8558700000000	-26.368475178653
2.8558800000000	-26.754470804395
2.8558900000000	-27.129992431542
2.8559000000000	-27.523166134731
2.8559100000000	-27.935670252303
2.8559200000000	-28.335525960334
2.8559300000000	-28.755207518098
2.8559400000000	-29.196720000682
2.8559500000000	-29.623141739764
2.8559600000000	-30.071967245553
2.8559700000000	-30.545621485354
2.8559800000000	-31.001481007257
2.8559900000000	-31.482868927921
2.8560000000000	-31.992766817460
2.8560100000000	-32.481869405202
2.8560200000000	-33.000344425848
2.8560300000000	-33.551920430395
2.8560400000000	-34.079122090356
2.8560500000000	-34.640320124717
2.8560600000000	-35.240184270091
2.8560700000000	-35.810310542127
2.8560800000000	-36.419132071449
2.8560900000000	-37.072102373772
2.8561000000000	-37.683777067950
2.8561100000000	-38.334918762460
2.8561200000000	-39.029674818945
2.8561300000000	-39.650983692122
2.8561400000000	-40.293417535182
2.8561500000000	-40.951492541251
2.8561600000000	-41.448354416594
2.8561700000000	-41.896695257745
2.8561800000000	-42.274186490222
2.8561900000000	-42.381226158970
2.8562000000000	-42.362089677399
2.8562100000000	-42.112201308166
2.8562200000000	-41.620736859908
2.8562300000000	-41.067423068216
2.8562400000000	-40.480011621782
2.8562500000000	-39.713548536843
2.8562600000000	-38.977896313401
2.8562700000000	-38.278020454702
2.8562800000000	-37.486514154944
2.8562900000000	-36.753828347762
2.8563000000000	-36.073568728275
2.8563100000000	-35.337485498737
2.8563200000000	-34.659000768480
2.8563300000000	-34.030332238258
2.8563400000000	-33.361123010900
2.8563500000000	-32.741979221012
2.8563600000000	-32.166233690539
2.8563700000000	-31.558048985532
2.8563800000000	-30.992460691422
2.8563900000000	-30.464124056717
2.8564000000000	-29.908690753330
2.8564100000000	-29.389635040514
2.8564200000000	-28.902695198335
2.8564300000000	-28.392716977133
2.8564400000000	-27.914106449260
2.8564500000000	-27.463430652432
2.8564600000000	-26.993028965942
2.8564700000000	-26.549946012256
2.8564800000000	-26.131380654324
2.8564900000000	-25.695885164388
2.8565000000000	-25.284393419172
2.8565100000000	-24.894592751471
2.8565200000000	-24.490260491320
2.8565300000000	-24.107178859276
2.8565400000000	-23.743419543358
2.8565500000000	-23.367206135862
2.8565600000000	-23.009926999529
2.8565700000000	-22.669961344897
2.8565800000000	-22.319353889415
2.8565900000000	-21.985710100985
2.8566000000000	-21.667658842323
2.8566100000000	-21.340556895048
2.8566200000000	-21.028726528565
2.8566300000000	-20.731001802864
2.8566400000000	-20.425632176847
2.8566500000000	-20.134069904600
2.8566600000000	-19.855319501147
2.8566700000000	-19.570174218501
2.8566800000000	-19.297561020792
2.8566900000000	-19.036627332856
2.8567000000000	-18.770417499142
2.8567100000000	-18.515623079473
2.8567200000000	-18.271512310103
2.8567300000000	-18.023133169413
2.8567400000000	-17.785187376057
2.8567500000000	-17.557046078556
2.8567600000000	-17.325550162315
2.8567700000000	-17.103621006003
2.8567800000000	-16.890718061721
2.8567900000000	-16.675294411747
2.8568000000000	-16.468671105628
2.8568100000000	-16.270383906270
2.8568200000000	-16.070342040811
2.8568300000000	-15.878422031061
2.8568400000000	-15.694226066702
2.8568500000000	-15.508983806761
2.8568600000000	-15.331263119484
2.8568700000000	-15.160724460973
2.8568800000000	-14.989799035124
2.8568900000000	-14.825865506775
2.8569000000000	-14.668635869379
2.8569100000000	-14.511637924970
2.8569200000000	-14.361167056166
2.8569300000000	-14.216981275293
2.8569400000000	-14.073611578408
2.8569500000000	-13.936364880958
2.8569600000000	-13.805040743867
2.8569700000000	-13.675089472657
2.8569800000000	-13.550915287401
2.8569900000000	-13.432355762355
2.8570000000000	-13.315704402996
2.8570100000000	-13.204541262273
2.8570200000000	-13.098739258176
2.8570300000000	-12.995365210526
2.8570400000000	-12.897247913433
2.8570500000000	-12.804293797140
2.8570600000000	-12.714277893774
2.8570700000000	-12.629346559259
2.8570800000000	-12.549438757273
2.8570900000000	-12.472975999000
2.8571000000000	-12.401488463679
2.8571100000000	-12.334947581950
2.8571200000000	-12.272361492533
2.8571300000000	-12.214709522961
2.8571400000000	-12.161996526447
2.8571500000000	-12.113757618602
2.8571600000000	-12.070487496891
2.8571700000000	-12.032226580572
2.8571800000000	-11.998975474974
2.8571900000000	-11.970813554915
2.8572000000000	-11.947820363224
2.8572100000000	-11.930396044942
2.8572200000000	-11.918279777942
2.8572300000000	-11.911595482752
2.8572400000000	-11.911068867809
2.8572500000000	-11.916183377681
2.8572600000000	-11.927114570796
2.8572700000000	-11.944826670303
2.8572800000000	-11.968645807440
2.8572900000000	-11.998808686044
2.8573000000000	-12.036410506383
2.8573100000000	-12.080738551048
2.8573200000000	-12.132102339943
2.8573300000000	-12.191588735975
2.8573400000000	-12.258592599670
2.8573500000000	-12.333509041739
2.8573600000000	-12.417227708256
2.8573700000000	-12.509435257995
2.8573800000000	-12.610622646131
2.8573900000000	-12.721214819019
2.8574000000000	-12.841423042708
2.8574100000000	-12.971831825063
2.8574200000000	-13.112006294207
2.8574300000000	-13.262971470378
2.8574400000000	-13.425365130473
2.8574500000000	-13.597284967459
2.8574600000000	-13.780908155198
2.8574700000000	-13.976786568809
2.8574800000000	-14.180584261035
2.8574900000000	-14.395968514023
2.8575000000000	-14.623033792010
2.8575100000000	-14.853458146715
2.8575200000000	-15.092601927707
2.8575300000000	-15.339265334788
2.8575400000000	-15.578795065234
2.8575500000000	-15.818139924948
2.8575600000000	-16.053383646769
2.8575700000000	-16.260935903779
2.8575800000000	-16.449324257693
2.8575900000000	-16.611086375518
2.8576000000000	-16.714195190118
2.8576100000000	-16.771196265924
2.8576200000000	-16.774743428625
2.8576300000000	-16.693666432517
2.8576400000000	-16.550163675501
2.8576500000000	-16.344620017918
2.8576600000000	-16.058820239817
2.8576700000000	-15.722722074386
2.8576800000000	-15.343761859277
2.8576900000000	-14.916052085907
2.8577000000000	-14.465173875334
2.8577100000000	-13.998082272917
2.8577200000000	-13.514448854389
2.8577300000000	-13.028745251656
2.8577400000000	-12.544559146398
2.8577500000000	-12.064258684629
2.8577600000000	-11.592454909972
2.8577700000000	-11.130326433152
2.8577800000000	-10.682461667458
2.8577900000000	-10.246845559535
2.8578000000000	-9.8235225973476
2.8578100000000	-9.4190237576943
2.8578200000000	-9.0272551203180
2.8578300000000	-8.6478439977154
2.8578400000000	-8.2888217172804
2.8578500000000	-7.9416668616902
2.8578600000000	-7.6059033314072
2.8578700000000	-7.2905763100620
2.8578800000000	-6.9857852913490
2.8578900000000	-6.6910697721842
2.8579000000000	-6.4160536168234
2.8579100000000	-6.1501427091561
2.8579200000000	-5.8929301717648
2.8579300000000	-5.6542673787161
2.8579400000000	-5.4233299057760
2.8579500000000	-5.1997719437323
2.8579600000000	-4.9934060093291
2.8579700000000	-4.7934958767034
2.8579800000000	-4.5997538529241
2.8579900000000	-4.4217612671104
2.8580000000000	-4.2490876202797
2.8580100000000	-4.0814974055864
2.8580200000000	-3.9282087188085
2.8580300000000	-3.7792406053969
2.8580400000000	-3.6344032745696
2.8580500000000	-3.5024677273348
2.8580600000000	-3.3739902951250
2.8580700000000	-3.2488205932816
2.8580800000000	-3.1352342099222
2.8580900000000	-3.0243718565322
2.8581000000000	-2.9161165931024
2.8581100000000	-2.8182273059209
2.8581200000000	-2.7224456309122
2.8581300000000	-2.6286825475267
2.8581400000000	-2.5441782144354
2.8581500000000	-2.4612702456214
2.8581600000000	-2.3798925258087
2.8581700000000	-2.3067778168289
2.8581800000000	-2.2348402127461
2.8581900000000	-2.1640320603688
2.8582000000000	-2.1005988933950
2.8582100000000	-2.0380025586466
2.8582200000000	-1.9762100232442
2.8582300000000	-1.9210052178655
2.8582400000000	-1.8663637438040
2.8582500000000	-1.8122639439062
2.8582600000000	-1.7640567534253
2.8582700000000	-1.7161951053678
2.8582800000000	-1.6686660364579
2.8582900000000	-1.6264173111267
2.8583000000000	-1.5843423190268
2.8583100000000	-1.5424346165739
2.8583200000000	-1.5052686153888
2.8583300000000	-1.4681421420023
2.8583400000000	-1.4310535402576
2.8583500000000	-1.3982328632189
2.8583600000000	-1.3653480281070
2.8583700000000	-1.3324008075299
2.8583800000000	-1.3033045486134
2.8583900000000	-1.2740650548752
2.8584000000000	-1.2446864775030
2.8584100000000	-1.2187914667014
2.8584200000000	-1.1926938748927
2.8584300000000	-1.1663994314257
2.8584400000000	-1.1432643055737
2.8584500000000	-1.1198829900589
2.8584600000000	-1.0962621909301
2.8584700000000	-1.0755139751669
2.8584800000000	-1.0544884520014
2.8584900000000	-1.0331928590064
2.8585000000000	-1.0145157280123
2.8585100000000	-0.99554003689292
2.8585200000000	-0.97627323087631
2.8585300000000	-0.95939913303496
2.8585400000000	-0.94221297241850
2.8585500000000	-0.92472217114654
2.8585600000000	-0.90942302679382
2.8585700000000	-0.89380436949084
2.8585800000000	-0.87787343821010
2.8585900000000	-0.86395465708287
2.8586000000000	-0.84971360659667
2.8586100000000	-0.83515723571856
2.8586200000000	-0.82245233355102
2.8586300000000	-0.80942601465911
2.8586400000000	-0.79608487067548
2.8586500000000	-0.78445099797316
2.8586600000000	-0.77249930625469
2.8586700000000	-0.76023599152895
2.8586800000000	-0.74955021738040
2.8586900000000	-0.73855228045871
2.8587000000000	-0.72724796388281
2.8587100000000	-0.71740418379745
2.8587200000000	-0.70725541152209
2.8587300000000	-0.69680701496778
2.8587400000000	-0.68771337414211
2.8587500000000	-0.67832299589037
2.8587600000000	-0.66864084096936
2.8587700000000	-0.66021758328861
2.8587800000000	-0.65150658821516
2.8587900000000	-0.64251242437294
2.8588000000000	-0.63469009326721
2.8588100000000	-0.62658950411777
2.8588200000000	-0.61821485287681
2.8588300000000	-0.61093278325948
2.8588400000000	-0.60338220658622
2.8588500000000	-0.59556696819356
2.8588600000000	-0.58877201952927
2.8588700000000	-0.58171842527403
2.8588800000000	-0.57440970346747
2.8588900000000	-0.56805519290546
2.8589000000000	-0.56145188462441
2.8589100000000	-0.55460299299926
2.8589200000000	-0.54864779480142
2.8589300000000	-0.54245353863869
2.8589400000000	-0.53602315850318
2.8589500000000	-0.53043094197193
2.8589600000000	-0.52460922808248
2.8589700000000	-0.51856069293709
2.8589800000000	-0.51329927592750
2.8589900000000	-0.50781769064658
2.8590000000000	-0.50211837672157
2.8590100000000	-0.49715917583196
2.8590200000000	-0.49198886664426
2.8590300000000	-0.48660967247507
2.8590400000000	-0.48192723428072
2.8590500000000	-0.47704245272389
2.8590600000000	-0.47195735363848
2.8590700000000	-0.46752895401951
2.8590800000000	-0.46290666419448
2.8590900000000	-0.45809232997999
2.8591000000000	-0.45389763079668
2.8591100000000	-0.44951717323264
2.8591200000000	-0.44495263920212
2.8591300000000	-0.44097339338107
2.8591400000000	-0.43681619571550
2.8591500000000	-0.43248257902600
2.8591600000000	-0.42870237660928
2.8591700000000	-0.42475170395493
2.8591800000000	-0.42063195835230
2.8591900000000	-0.41703600728921
2.8592000000000	-0.41327674632480
2.8592100000000	-0.40935544960270
2.8592200000000	-0.40593038607990
2.8592300000000	-0.40234885786193
2.8592400000000	-0.39861202723662
2.8592500000000	-0.39534575117612
2.8592600000000	-0.39192954847241
2.8592700000000	-0.38836447982987
2.8592800000000	-0.38524601188574
2.8592900000000	-0.38198385749189
2.8593000000000	-0.37857898510197
2.8593100000000	-0.37559834206041
2.8593200000000	-0.37247996510962
2.8593300000000	-0.36922473892314
2.8593400000000	-0.36637282489373
2.8593500000000	-0.36338885263601
2.8593600000000	-0.36027363072604
2.8593700000000	-0.35754214191176
2.8593800000000	-0.35468400481866
2.8593900000000	-0.35169995888783
2.8594000000000	-0.34908130005895
2.8594100000000	-0.34634114843411
2.8594200000000	-0.34348018062762
2.8594300000000	-0.34096739170358
2.8594400000000	-0.33833802224850
2.8594500000000	-0.33559269176325
2.8594600000000	-0.33317938314437
2.8594700000000	-0.33065417415734
2.8594800000000	-0.32801763236303
2.8594900000000	-0.32569792785246
2.8595000000000	-0.32327078192840
2.8595100000000	-0.32073671489639
2.8595200000000	-0.31850520121851
2.8595300000000	-0.31617049448045
2.8595400000000	-0.31373307197560
2.8595500000000	-0.31158475404053
2.8595600000000	-0.30933729107112
2.8595700000000	-0.30699112119055
2.8595800000000	-0.30492138237437
2.8595900000000	-0.30275635612889
2.8596000000000	-0.30049644488760
2.8596100000000	-0.29850101169732
2.8596200000000	-0.29641396778190
2.8596300000000	-0.29423568303916
2.8596400000000	-0.29231059362039
2.8596500000000	-0.29029739840078
2.8596600000000	-0.28819643760074
2.8596700000000	-0.28633801361879
2.8596800000000	-0.28439482569765
2.8596900000000	-0.28236718697236
2.8597000000000	-0.28057200845991
2.8597100000000	-0.27869525312189
2.8597200000000	-0.27673720935894
2.8597300000000	-0.27500209217753
2.8597400000000	-0.27318843845322
2.8597500000000	-0.27129651398549
2.8597600000000	-0.26961848959549
2.8597700000000	-0.26786482964165
2.8597800000000	-0.26603577925894
2.8597900000000	-0.26441207652901
2.8598000000000	-0.26271550705920
2.8598100000000	-0.26094629707967
2.8598200000000	-0.25937432590434
2.8598300000000	-0.25773213144063
2.8598400000000	-0.25601992261232
2.8598500000000	-0.25449725913388
2.8598600000000	-0.25290689687520
2.8598700000000	-0.25124902890714
2.8598800000000	-0.24977340216286
2.8598900000000	-0.24823248829373
2.8599000000000	-0.24662646584023
2.8599100000000	-0.24519574567919
2.8599200000000	-0.24370204296259
2.8599300000000	-0.24214552290398
2.8599400000000	-0.24075770903595
2.8599500000000	-0.23930911555290
2.8599600000000	-0.23779989543773
2.8599700000000	-0.23645310749330
2.8599800000000	-0.23504764640855
2.8599900000000	-0.23358365393470
2.8600000000000	-0.23227612242953
