#Parameters = {n=0.01; f0=2856000000; lambda=0.10496934803922; l=0.0010496934803922; LL=0.12}
#"Frequency / GHz"	"S1,1 (12) [Magnitude in dB]"
#-----------------------------------------------
2.8500000000000	-0.22764868742160
2.8500100000000	-0.22911963118514
2.8500200000000	-0.23053536499431
2.8500300000000	-0.23189583868006
2.8500400000000	-0.23341578543805
2.8500500000000	-0.23487832856590
2.8500600000000	-0.23628341219183
2.8500700000000	-0.23785480749599
2.8500800000000	-0.23936649106942
2.8500900000000	-0.24081840064661
2.8501000000000	-0.24244385416775
2.8501100000000	-0.24400716627141
2.8501200000000	-0.24550826751917
2.8501300000000	-0.24719056680800
2.8501400000000	-0.24880816574368
2.8501500000000	-0.25036098683576
2.8501600000000	-0.25210311245477
2.8501700000000	-0.25377784133528
2.8501800000000	-0.25538508694335
2.8501900000000	-0.25719022912834
2.8502000000000	-0.25892513196426
2.8502100000000	-0.26058969875240
2.8502200000000	-0.26246127578165
2.8502300000000	-0.26425961523221
2.8502400000000	-0.26598460897453
2.8502500000000	-0.26792628744492
2.8502600000000	-0.26979156443523
2.8502700000000	-0.27158031895291
2.8502800000000	-0.27359603619131
2.8502900000000	-0.27553201161835
2.8503000000000	-0.27738810975735
2.8503100000000	-0.27948209862379
2.8503200000000	-0.28149281740716
2.8503300000000	-0.28342011431048
2.8503400000000	-0.28559693068681
2.8503500000000	-0.28768674845501
2.8503600000000	-0.28968939741730
2.8503700000000	-0.29195395070998
2.8503800000000	-0.29412756345119
2.8503900000000	-0.29621004468243
2.8504000000000	-0.29856763172157
2.8504100000000	-0.30083010877774
2.8504200000000	-0.30299726145316
2.8504300000000	-0.30545360421439
2.8504400000000	-0.30781042504530
2.8504500000000	-0.31006748306800
2.8504600000000	-0.31262877071035
2.8504700000000	-0.31508586592387
2.8504800000000	-0.31743849789302
2.8504900000000	-0.32011143367455
2.8505000000000	-0.32267523088046
2.8505100000000	-0.32512958482749
2.8505200000000	-0.32792143853929
2.8505300000000	-0.33059891367729
2.8505400000000	-0.33316166721831
2.8505500000000	-0.33608033387568
2.8505600000000	-0.33887906875636
2.8505700000000	-0.34155748540501
2.8505800000000	-0.34461155103839
2.8505900000000	-0.34753979794946
2.8506000000000	-0.35034179044930
2.8506100000000	-0.35354060597013
2.8506200000000	-0.35660736033234
2.8506300000000	-0.35954156200114
2.8506400000000	-0.36289532625608
2.8506500000000	-0.36611040845939
2.8506600000000	-0.36918625368904
2.8506700000000	-0.37270610699687
2.8506800000000	-0.37608025472876
2.8506900000000	-0.37930806996997
2.8507000000000	-0.38300619962587
2.8507100000000	-0.38655117220317
2.8507200000000	-0.38994227897244
2.8507300000000	-0.39383203844169
2.8507400000000	-0.39756073490525
2.8507500000000	-0.40112756660178
2.8507600000000	-0.40522361039397
2.8507700000000	-0.40915020339828
2.8507800000000	-0.41290643800886
2.8507900000000	-0.41722487454136
2.8508000000000	-0.42136496240859
2.8508100000000	-0.42532567352344
2.8508200000000	-0.42988423865482
2.8508300000000	-0.43425501834782
2.8508400000000	-0.43843684730729
2.8508500000000	-0.44325510165277
2.8508600000000	-0.44787556587109
2.8508700000000	-0.45229691834644
2.8508800000000	-0.45739647200438
2.8508900000000	-0.46228763415159
2.8509000000000	-0.46696890501578
2.8509100000000	-0.47237367392016
2.8509200000000	-0.47755882530972
2.8509300000000	-0.48252265631400
2.8509400000000	-0.48825915514478
2.8509500000000	-0.49376415956085
2.8509600000000	-0.49903573511592
2.8509700000000	-0.50513341251005
2.8509800000000	-0.51098704410086
2.8509900000000	-0.51659443137560
2.8510000000000	-0.52308605415697
2.8510100000000	-0.52932038567717
2.8510200000000	-0.53529492631576
2.8510300000000	-0.54221702059583
2.8510400000000	-0.54886787020755
2.8510500000000	-0.55524463224554
2.8510600000000	-0.56263799057911
2.8510700000000	-0.56974543685426
2.8510800000000	-0.57656373692849
2.8510900000000	-0.58447400227504
2.8511000000000	-0.59208297870959
2.8511100000000	-0.59938698642928
2.8511200000000	-0.60786532549129
2.8511300000000	-0.61602630779152
2.8511400000000	-0.62386574624737
2.8511500000000	-0.63296962690625
2.8511600000000	-0.64173942862006
2.8511700000000	-0.65017038745991
2.8511800000000	-0.65996447749620
2.8511900000000	-0.66940717222365
2.8512000000000	-0.67849305260368
2.8512100000000	-0.68905025979528
2.8512200000000	-0.69923825134238
2.8512300000000	-0.70905086542861
2.8512400000000	-0.72045354242495
2.8512500000000	-0.73146880784831
2.8512600000000	-0.74208965942934
2.8512700000000	-0.75443100061656
2.8512800000000	-0.76636653525625
2.8512900000000	-0.77788831251414
2.8513000000000	-0.79127397440461
2.8513100000000	-0.80423547268812
2.8513200000000	-0.81676378927411
2.8513300000000	-0.83131377077800
2.8513400000000	-0.84542158184786
2.8513500000000	-0.85907700816615
2.8513600000000	-0.87492783244110
2.8513700000000	-0.89031923548489
2.8513800000000	-0.90523966842783
2.8513900000000	-0.92254691369374
2.8514000000000	-0.93937876408788
2.8514100000000	-0.95572219032051
2.8514200000000	-0.97466342299043
2.8514300000000	-0.99311522688809
2.8514400000000	-1.0110629419319
2.8514500000000	-1.0318411111688
2.8514600000000	-1.0521185925170
2.8514700000000	-1.0718789448660
2.8514800000000	-1.0947263029470
2.8514900000000	-1.1170655326432
2.8515000000000	-1.1388782684839
2.8515100000000	-1.1640608850651
2.8515200000000	-1.1887330460655
2.8515300000000	-1.2128743347306
2.8515400000000	-1.2406972743504
2.8515500000000	-1.2680141378739
2.8515600000000	-1.2948023596467
2.8515700000000	-1.3256155888057
2.8515800000000	-1.3559357733904
2.8515900000000	-1.3857381476188
2.8516000000000	-1.4199432283116
2.8516100000000	-1.4536793030067
2.8516200000000	-1.4869194230376
2.8516300000000	-1.5249770308715
2.8516400000000	-1.5626035031037
2.8516500000000	-1.5997698217485
2.8516600000000	-1.6422080949935
2.8516700000000	-1.6842702886143
2.8516800000000	-1.7259255595194
2.8516900000000	-1.7733492366993
2.8517000000000	-1.8204730121579
2.8517100000000	-1.8672646338914
2.8517200000000	-1.9203648672400
2.8517300000000	-1.9732670591284
2.8517400000000	-2.0259381852768
2.8517500000000	-2.0855028227051
2.8517600000000	-2.1450021671535
2.8517700000000	-2.2044033346747
2.8517800000000	-2.2713273423477
2.8517900000000	-2.3383555374450
2.8518000000000	-2.4054564273293
2.8518100000000	-2.4807519831944
2.8518200000000	-2.5563643762646
2.8518300000000	-2.6322651635468
2.8518400000000	-2.7170708020612
2.8518500000000	-2.8024560436202
2.8518600000000	-2.8883976372471
2.8518700000000	-2.9839856926699
2.8518800000000	-3.0804735691631
2.8518900000000	-3.1778459220221
2.8519000000000	-3.2856274448566
2.8519100000000	-3.3946940491208
2.8519200000000	-3.5050416894313
2.8519300000000	-3.6265680572573
2.8519400000000	-3.7498375428070
2.8519500000000	-3.8748616128382
2.8519600000000	-4.0118222950514
2.8519700000000	-4.1510647636274
2.8519800000000	-4.2926212290210
2.8519900000000	-4.4468376599144
2.8520000000000	-4.6039633136445
2.8520100000000	-4.7640576851746
2.8520200000000	-4.9374739793623
2.8520300000000	-5.1145245421793
2.8520400000000	-5.2953044257961
2.8520500000000	-5.4899766699211
2.8520600000000	-5.6891161497348
2.8520700000000	-5.8928640741207
2.8520800000000	-6.1109509270001
2.8520900000000	-6.3344587705241
2.8521000000000	-6.5635886851483
2.8521100000000	-6.8073465463744
2.8521200000000	-7.0576165646251
2.8521300000000	-7.3146774746714
2.8521400000000	-7.5864628667920
2.8521500000000	-7.8660101442170
2.8521600000000	-8.1536985057545
2.8521700000000	-8.4559755902357
2.8521800000000	-8.7674475830393
2.8521900000000	-9.0886224837845
2.8522000000000	-9.4239668658779
2.8522100000000	-9.7701454268718
2.8522200000000	-10.127827627770
2.8522300000000	-10.498892620726
2.8522400000000	-10.882642366872
2.8522500000000	-11.279938666181
2.8522600000000	-11.689305073242
2.8522700000000	-12.113364019600
2.8522800000000	-12.553179619755
2.8522900000000	-13.002902432678
2.8523000000000	-13.469269666381
2.8523100000000	-13.953484930067
2.8523200000000	-14.443913191253
2.8523300000000	-14.952277853935
2.8523400000000	-15.479658338056
2.8523500000000	-16.006606427742
2.8523600000000	-16.550633939183
2.8523700000000	-17.111961015586
2.8523800000000	-17.660483578490
2.8523900000000	-18.219898841504
2.8524000000000	-18.788011871608
2.8524100000000	-19.320893415739
2.8524200000000	-19.848192325055
2.8524300000000	-20.363462943986
2.8524400000000	-20.808952311831
2.8524500000000	-21.220788255128
2.8524600000000	-21.590083278460
2.8524700000000	-21.856312747924
2.8524800000000	-22.065311785880
2.8524900000000	-22.214161928640
2.8525000000000	-22.258783080805
2.8525100000000	-22.251707397220
2.8525200000000	-22.198619837680
2.8525300000000	-22.076311192169
2.8525400000000	-21.929019119113
2.8525500000000	-21.763385968226
2.8525600000000	-21.568082431746
2.8525700000000	-21.370599606770
2.8525800000000	-21.174463233147
2.8525900000000	-20.974190743342
2.8526000000000	-20.783285554685
2.8526100000000	-20.602900734149
2.8526200000000	-20.431172672950
2.8526300000000	-20.272949899455
2.8526400000000	-20.128356109672
2.8526500000000	-19.997952259597
2.8526600000000	-19.881866304887
2.8526700000000	-19.779939118670
2.8526800000000	-19.694216103574
2.8526900000000	-19.622486360362
2.8527000000000	-19.564616661802
2.8527100000000	-19.523383042647
2.8527200000000	-19.495633152506
2.8527300000000	-19.481367481544
2.8527400000000	-19.483507031106
2.8527500000000	-19.498806932054
2.8527600000000	-19.527431990568
2.8527700000000	-19.571986353578
2.8527800000000	-19.629687578873
2.8527900000000	-19.700868385182
2.8528000000000	-19.787424486184
2.8528100000000	-19.887437446415
2.8528200000000	-20.001398792428
2.8528300000000	-20.130119147981
2.8528400000000	-20.272867893938
2.8528500000000	-20.430266339417
2.8528600000000	-20.601615873894
2.8528700000000	-20.787651408616
2.8528800000000	-20.989042898685
2.8528900000000	-21.203026128043
2.8529000000000	-21.432017001308
2.8529100000000	-21.676521871677
2.8529200000000	-21.930891169571
2.8529300000000	-22.199278967137
2.8529400000000	-22.481516535346
2.8529500000000	-22.767795658953
2.8529600000000	-23.063685026939
2.8529700000000	-23.367259506517
2.8529800000000	-23.662720746109
2.8529900000000	-23.956110562543
2.8530000000000	-24.242076086217
2.8530100000000	-24.497300916589
2.8530200000000	-24.727437427496
2.8530300000000	-24.923280475713
2.8530400000000	-25.056739144352
2.8530500000000	-25.135569945208
2.8530600000000	-25.152133830480
2.8530700000000	-25.084920627762
2.8530800000000	-24.949753500300
2.8530900000000	-24.748544336653
2.8531000000000	-24.475410197449
2.8531100000000	-24.151405352009
2.8531200000000	-23.784913881881
2.8531300000000	-23.379872107729
2.8531400000000	-22.952027841954
2.8531500000000	-22.508323810825
2.8531600000000	-22.054660913123
2.8531700000000	-21.597826806718
2.8531800000000	-21.141281769979
2.8531900000000	-20.690727876748
2.8532000000000	-20.246304891068
2.8532100000000	-19.809199483836
2.8532200000000	-19.385066471199
2.8532300000000	-18.970260274884
2.8532400000000	-18.564912975279
2.8532500000000	-18.174877717263
2.8532600000000	-17.794573238866
2.8532700000000	-17.423732092331
2.8532800000000	-17.068439458696
2.8532900000000	-16.722195306206
2.8533000000000	-16.384621270674
2.8533100000000	-16.061963630888
2.8533200000000	-15.747341959384
2.8533300000000	-15.440380477222
2.8533400000000	-15.147393488905
2.8533500000000	-14.861407222221
2.8533600000000	-14.582086949593
2.8533700000000	-14.315734744917
2.8533800000000	-14.055437255125
2.8533900000000	-13.800909087738
2.8534000000000	-13.558379112867
2.8534100000000	-13.321077597672
2.8534200000000	-13.088765569534
2.8534300000000	-12.867555935215
2.8534400000000	-12.650866645667
2.8534500000000	-12.438498803766
2.8534600000000	-12.236421100046
2.8534700000000	-12.038260960453
2.8534800000000	-11.843852829354
2.8534900000000	-11.659003780305
2.8535000000000	-11.477559485670
2.8535100000000	-11.299381682459
2.8535200000000	-11.130106311109
2.8535300000000	-10.963798287363
2.8535400000000	-10.800341555944
2.8535500000000	-10.645197051076
2.8535600000000	-10.492645221909
2.8535700000000	-10.342588073806
2.8535800000000	-10.200311662591
2.8535900000000	-10.060305400067
2.8536000000000	-9.9224860165236
2.8536100000000	-9.7919676291354
2.8536200000000	-9.6634403212752
2.8536300000000	-9.5368328791513
2.8536400000000	-9.4170923744960
2.8536500000000	-9.2991002721451
2.8536600000000	-9.1827952794443
2.8536700000000	-9.0729636481350
2.8536800000000	-8.9646684013623
2.8536900000000	-8.8578564556384
2.8537000000000	-8.7571603492094
2.8537100000000	-8.6578146137285
2.8537200000000	-8.5597729958419
2.8537300000000	-8.4675219783905
2.8537400000000	-8.3764575298088
2.8537500000000	-8.2865391097369
2.8537600000000	-8.2021151138002
2.8537700000000	-8.1187329918070
2.8537800000000	-8.0363570055345
2.8537900000000	-7.9592055641528
2.8538000000000	-7.8829678537700
2.8538100000000	-7.8076121905230
2.8538200000000	-7.7372350997037
2.8538300000000	-7.6676580329288
2.8538400000000	-7.5988527424155
2.8538500000000	-7.5348018778885
2.8538600000000	-7.4714500030973
2.8538700000000	-7.4087717914800
2.8538800000000	-7.3506438608454
2.8538900000000	-7.2931250796130
2.8539000000000	-7.2361926107394
2.8539100000000	-7.1836246679812
2.8539200000000	-7.1315859809560
2.8539300000000	-7.0800558377886
2.8539400000000	-7.0327214234834
2.8539500000000	-6.9858452600557
2.8539600000000	-6.9394084514022
2.8539700000000	-6.8970142505899
2.8539800000000	-6.8550152831826
2.8539900000000	-6.8133942047045
2.8540000000000	-6.7756771366604
2.8540100000000	-6.7382995008409
2.8540200000000	-6.7012452778519
2.8540300000000	-6.6679699495284
2.8540400000000	-6.6349848070767
2.8540500000000	-6.6022749611634
2.8540600000000	-6.5732314295539
2.8540700000000	-6.5444348239448
2.8540800000000	-6.5158712167409
2.8540900000000	-6.4908730160788
2.8541000000000	-6.4660839795396
2.8541100000000	-6.4414909958022
2.8541200000000	-6.4203733936554
2.8541300000000	-6.3994322724575
2.8541400000000	-6.3786552114631
2.8541500000000	-6.3612736642819
2.8541600000000	-6.3440406347962
2.8541700000000	-6.3269442844377
2.8541800000000	-6.3131730681083
2.8541900000000	-6.2995268207906
2.8542000000000	-6.2859941930130
2.8542100000000	-6.2757251879366
2.8542200000000	-6.2655617600162
2.8542300000000	-6.2554929695191
2.8542400000000	-6.2486345828729
2.8542500000000	-6.2418663233974
2.8542600000000	-6.2351775942056
2.8542700000000	-6.2316538045054
2.8542800000000	-6.2282084576814
2.8542900000000	-6.2248312442735
2.8543000000000	-6.2245807553639
2.8543100000000	-6.2244006499729
2.8543200000000	-6.2242808613581
2.8543300000000	-6.2272563545481
2.8543400000000	-6.2302976886949
2.8543500000000	-6.2333950052075
2.8543600000000	-6.2395624795805
2.8543700000000	-6.2457946912482
2.8543800000000	-6.2520819649561
2.8543900000000	-6.2614201569552
2.8544000000000	-6.2708253718440
2.8544100000000	-6.2802881024021
2.8544200000000	-6.2927879766903
2.8544300000000	-6.3053605256598
2.8544400000000	-6.3179964042389
2.8544500000000	-6.3336607085924
2.8544600000000	-6.3494067077425
2.8544700000000	-6.3652252223321
2.8544800000000	-6.3840680999901
2.8544900000000	-6.4030050870460
2.8545000000000	-6.4220271830456
2.8545100000000	-6.4440738365104
2.8545200000000	-6.4662304577393
2.8545300000000	-6.4884882482829
2.8545400000000	-6.5137746491220
2.8545500000000	-6.5391903915361
2.8545600000000	-6.5647269125127
2.8545700000000	-6.5932995522041
2.8545800000000	-6.6220245163025
2.8545900000000	-6.6508935215480
2.8546000000000	-6.6828091989258
2.8546100000000	-6.7149039077315
2.8546200000000	-6.7471697003520
2.8546300000000	-6.7824953417164
2.8546400000000	-6.8180305824111
2.8546500000000	-6.8537678787749
2.8546600000000	-6.8925803872933
2.8546700000000	-6.9316370822777
2.8546800000000	-6.9709309057495
2.8546900000000	-7.0133170373512
2.8547000000000	-7.0559861422337
2.8547100000000	-7.0989317444391
2.8547200000000	-7.1449882984092
2.8547300000000	-7.1913710200470
2.8547400000000	-7.2380741278531
2.8547500000000	-7.2879070135797
2.8547600000000	-7.3381138871327
2.8547700000000	-7.3886897913419
2.8547800000000	-7.4424148175545
2.8547900000000	-7.4965665341611
2.8548000000000	-7.5511409578208
2.8548100000000	-7.6088835240826
2.8548200000000	-7.6671106452689
2.8548300000000	-7.7258194831017
2.8548400000000	-7.7877145729363
2.8548500000000	-7.8501575533458
2.8548600000000	-7.9131469266617
2.8548700000000	-7.9793391278645
2.8548800000000	-8.0461483681871
2.8548900000000	-8.1135747134387
2.8549000000000	-8.1842182696542
2.8549100000000	-8.2555542045787
2.8549200000000	-8.3275844011757
2.8549300000000	-8.4028433003175
2.8549400000000	-8.4788765278563
2.8549500000000	-8.5556880724624
2.8549600000000	-8.6357361791796
2.8549700000000	-8.7166476394883
2.8549800000000	-8.7984288760009
2.8549900000000	-8.8834501170486
2.8550000000000	-8.9694313307164
2.8550100000000	-9.0563817470013
2.8550200000000	-9.1465703602885
2.8550300000000	-9.2378237379796
2.8550400000000	-9.3301543426761
2.8550500000000	-9.4257152025393
2.8550600000000	-9.5224544399749
2.8550700000000	-9.6203882348253
2.8550800000000	-9.7215372680496
2.8550900000000	-9.8239878423284
2.8551000000000	-9.9277604077604
2.8551100000000	-10.034725116744
2.8551200000000	-10.143124902150
2.8551300000000	-10.252985116292
2.8551400000000	-10.366005227592
2.8551500000000	-10.480605251045
2.8551600000000	-10.596816164508
2.8551700000000	-10.716144422757
2.8551800000000	-10.837209781144
2.8551900000000	-10.960049672395
2.8552000000000	-11.085952801160
2.8552100000000	-11.213763764563
2.8552200000000	-11.343527402764
2.8552300000000	-11.476287255346
2.8552400000000	-11.611140581947
2.8552500000000	-11.748140726453
2.8552600000000	-11.888055650606
2.8552700000000	-12.030266140547
2.8552800000000	-12.174835308032
2.8552900000000	-12.322221749478
2.8553000000000	-12.472124066067
2.8553100000000	-12.624616598174
2.8553200000000	-12.779810967934
2.8553300000000	-12.937761755468
2.8553400000000	-13.098556221244
2.8553500000000	-13.261917051571
2.8553600000000	-13.428297379243
2.8553700000000	-13.597799347595
2.8553800000000	-13.769709760207
2.8553900000000	-13.944927921196
2.8554000000000	-14.123573139295
2.8554100000000	-14.304443647502
2.8554200000000	-14.488938340913
2.8554300000000	-14.677196353781
2.8554400000000	-14.867468016685
2.8554500000000	-15.061711937536
2.8554600000000	-15.260090182819
2.8554700000000	-15.460238124711
2.8554800000000	-15.664741982600
2.8554900000000	-15.873790391089
2.8555000000000	-16.084327691737
2.8555100000000	-16.299644672669
2.8555200000000	-16.519960800240
2.8555300000000	-16.741442751972
2.8555400000000	-16.968173428491
2.8555500000000	-17.200408137130
2.8555600000000	-17.433436852017
2.8555700000000	-17.672234535443
2.8555800000000	-17.917098231044
2.8555900000000	-18.162327566653
2.8556000000000	-18.413904081566
2.8556100000000	-18.672173504805
2.8556200000000	-18.930314262865
2.8556300000000	-19.195446112095
2.8556400000000	-19.467971669454
2.8556500000000	-19.739797014220
2.8556600000000	-20.019331899702
2.8556700000000	-20.307045525468
2.8556800000000	-20.593396582127
2.8556900000000	-20.888260270485
2.8557000000000	-21.192183846458
2.8557100000000	-21.493975503793
2.8557200000000	-21.805179111366
2.8557300000000	-22.126433584643
2.8557400000000	-22.444660697595
2.8557500000000	-22.773308686234
2.8557600000000	-23.113124299712
2.8557700000000	-23.448868872780
2.8557800000000	-23.796168526273
2.8557900000000	-24.155897173206
2.8558000000000	-24.510337896159
2.8558100000000	-24.877612017411
2.8558200000000	-25.258743934123
2.8558300000000	-25.633170956869
2.8558400000000	-26.021877377309
2.8558500000000	-26.426066677192
2.8558600000000	-26.821907242331
2.8558700000000	-27.233672051636
2.8558800000000	-27.662779697019
2.8558900000000	-28.081644806728
2.8559000000000	-28.518321688139
2.8559100000000	-28.974491218307
2.8559200000000	-29.418260210625
2.8559300000000	-29.882036107946
2.8559400000000	-30.367826886532
2.8559500000000	-30.838793990981
2.8559600000000	-31.332368907648
2.8559700000000	-31.850979921348
2.8559800000000	-32.352085346966
2.8559900000000	-32.878947994091
2.8560000000000	-33.434553227399
2.8560100000000	-33.969677277728
2.8560200000000	-34.534429322961
2.8560300000000	-35.132542254753
2.8560400000000	-35.706622942737
2.8560500000000	-36.314984468457
2.8560600000000	-36.962301534427
2.8560700000000	-37.580253876899
2.8560800000000	-38.237217235866
2.8560900000000	-38.938650809504
2.8561000000000	-39.599196133092
2.8561100000000	-40.299558180225
2.8561200000000	-41.043890817679
2.8561300000000	-41.715221120302
2.8561400000000	-42.408063073227
2.8561500000000	-43.116940321382
2.8561600000000	-43.665090226810
2.8561700000000	-44.165146117595
2.8561800000000	-44.594787963475
2.8561900000000	-44.754496584184
2.8562000000000	-44.788497328463
2.8562100000000	-44.592269262659
2.8562200000000	-44.155017052196
2.8562300000000	-43.656435305217
2.8562400000000	-43.124286988458
2.8562500000000	-42.413719003136
2.8562600000000	-41.734535375890
2.8562700000000	-41.091714601414
2.8562800000000	-40.357953227227
2.8562900000000	-39.683645442791
2.8563000000000	-39.062411941100
2.8563100000000	-38.386108105803
2.8563200000000	-37.768102371402
2.8563300000000	-37.200629796326
2.8563400000000	-36.593439639812
2.8563500000000	-36.037089133236
2.8563600000000	-35.524931244287
2.8563700000000	-34.981234589719
2.8563800000000	-34.480992733788
2.8563900000000	-34.018884380554
2.8564000000000	-33.530665812748
2.8564100000000	-33.079778732890
2.8564200000000	-32.661988825237
2.8564300000000	-32.222243380315
2.8564400000000	-31.814928521828
2.8564500000000	-31.436643426646
2.8564600000000	-31.039823946604
2.8564700000000	-30.671511194658
2.8564800000000	-30.328941880771
2.8564900000000	-29.970757209388
2.8565000000000	-29.637908683721
2.8565100000000	-29.328128401389
2.8565200000000	-29.005271967847
2.8565300000000	-28.705166180816
2.8565400000000	-28.425935923337
2.8565500000000	-28.135868391704
2.8565600000000	-27.866430764659
2.8565700000000	-27.616065777092
2.8565800000000	-27.356861784820
2.8565900000000	-27.116546573108
2.8566000000000	-26.893825252636
2.8566100000000	-26.664071134585
2.8566200000000	-26.451784248629
2.8566300000000	-26.255890653049
2.8566400000000	-26.054619384718
2.8566500000000	-25.869671511910
2.8566600000000	-25.700163126843
2.8566700000000	-25.526816287762
2.8566800000000	-25.368898498507
2.8566900000000	-25.225693168082
2.8567000000000	-25.080102938917
2.8567100000000	-24.949279319579
2.8567200000000	-24.832656967788
2.8567300000000	-24.715043012447
2.8567400000000	-24.611755952638
2.8567500000000	-24.522371164687
2.8567600000000	-24.433347303514
2.8567700000000	-24.358430301877
2.8567800000000	-24.297330234385
2.8567900000000	-24.237913191370
2.8568000000000	-24.192602152318
2.8568100000000	-24.161238858869
2.8568200000000	-24.132843742201
2.8568300000000	-24.118767599748
2.8568400000000	-24.118980573807
2.8568500000000	-24.123369600817
2.8568600000000	-24.142477453020
2.8568700000000	-24.176391458235
2.8568800000000	-24.215501077883
2.8568900000000	-24.269829229784
2.8569000000000	-24.339542558211
2.8569100000000	-24.415021079730
2.8569200000000	-24.506082520878
2.8569300000000	-24.612863927995
2.8569400000000	-24.724946735836
2.8569500000000	-24.852262099826
2.8569600000000	-24.994638018962
2.8569700000000	-25.139565780977
2.8569800000000	-25.297335679442
2.8569900000000	-25.466825958006
2.8570000000000	-25.631326387995
2.8570100000000	-25.801541082070
2.8570200000000	-25.974197133266
2.8570300000000	-26.125404477631
2.8570400000000	-26.266366105451
2.8570500000000	-26.390438139418
2.8570600000000	-26.464534160277
2.8570700000000	-26.502359848559
2.8570800000000	-26.495737658711
2.8570900000000	-26.406893653959
2.8571000000000	-26.258673281861
2.8571100000000	-26.048754178489
2.8571200000000	-25.746359280532
2.8571300000000	-25.387332901627
2.8571400000000	-24.978253345523
2.8571500000000	-24.499337886062
2.8571600000000	-23.989563399651
2.8571700000000	-23.457169226694
2.8571800000000	-22.887788363515
2.8571900000000	-22.312542826185
2.8572000000000	-21.736251378368
2.8572100000000	-21.146854501671
2.8572200000000	-20.565521855924
2.8572300000000	-19.993960662779
2.8572400000000	-19.422498294220
2.8572500000000	-18.864486122280
2.8572600000000	-18.320037323552
2.8572700000000	-17.782254020670
2.8572800000000	-17.258961036227
2.8572900000000	-16.749665384277
2.8573000000000	-16.250227912191
2.8573100000000	-15.764524825278
2.8573200000000	-15.291916253900
2.8573300000000	-14.830762921228
2.8573400000000	-14.381995658860
2.8573500000000	-13.945007390341
2.8573600000000	-13.520331611404
2.8573700000000	-13.106605512001
2.8573800000000	-12.703311471854
2.8573900000000	-12.312838051776
2.8574000000000	-11.931977601167
2.8574100000000	-11.560309469716
2.8574200000000	-11.201791078500
2.8574300000000	-10.851701666663
2.8574400000000	-10.509707504542
2.8574500000000	-10.181080666967
2.8574600000000	-9.8598504416120
2.8574700000000	-9.5457552598883
2.8574800000000	-9.2451542367596
2.8574900000000	-8.9510487807005
2.8575000000000	-8.6632349866291
2.8575100000000	-8.3889525857471
2.8575200000000	-8.1203715364992
2.8575300000000	-7.8573330958705
2.8575400000000	-7.6077687002188
2.8575500000000	-7.3631958999716
2.8575600000000	-7.1234910302948
2.8575700000000	-6.8971039938894
2.8575800000000	-6.6750654134444
2.8575900000000	-6.4572789283589
2.8576000000000	-6.2525548845379
2.8576100000000	-6.0515900031093
2.8576200000000	-5.8543094444725
2.8576300000000	-5.6697415345815
2.8576400000000	-5.4883892284124
2.8576500000000	-5.3101950193742
2.8576600000000	-5.1442789248083
2.8576700000000	-4.9810762528163
2.8576800000000	-4.8205438338301
2.8576900000000	-4.6717837470120
2.8577000000000	-4.5252745642020
2.8577100000000	-4.3809852813053
2.8577200000000	-4.2479071767955
2.8577300000000	-4.1166569437268
2.8577400000000	-3.9872140920377
2.8577500000000	-3.8683826320265
2.8577600000000	-3.7509959111332
2.8577700000000	-3.6350425956273
2.8577800000000	-3.5290785109437
2.8577900000000	-3.4242162336926
2.8578000000000	-3.3204523741515
2.8578100000000	-3.2260479718494
2.8578200000000	-3.1324423940888
2.8578300000000	-3.0396390474216
2.8578400000000	-2.9555703918163
2.8578500000000	-2.8720365254451
2.8578600000000	-2.7890465379150
2.8578700000000	-2.7141816665195
2.8578800000000	-2.6396247354466
2.8578900000000	-2.5653894409861
2.8579000000000	-2.4986926122152
2.8579100000000	-2.4321116517434
2.8579200000000	-2.3656638415972
2.8579300000000	-2.3061962354098
2.8579400000000	-2.2466843190474
2.8579500000000	-2.1871480175432
2.8579600000000	-2.1340655385615
2.8579700000000	-2.0808072983914
2.8579800000000	-2.0273950202284
2.8579900000000	-1.9799439273021
2.8580000000000	-1.9322110779435
2.8580100000000	-1.8842192592438
2.8580200000000	-1.8417302101945
2.8580300000000	-1.7988756409960
2.8580400000000	-1.7556787838619
2.8580500000000	-1.7175604404593
2.8580600000000	-1.6790119497810
2.8580700000000	-1.6400564845400
2.8580800000000	-1.6057880384614
2.8580900000000	-1.5710411058388
2.8581000000000	-1.5358384017452
2.8581100000000	-1.5049625587948
2.8581200000000	-1.4735735884061
2.8581300000000	-1.4416934459576
2.8581400000000	-1.4138095194752
2.8581500000000	-1.3853892187292
2.8581600000000	-1.3564535210097
2.8581700000000	-1.3312109316157
2.8581800000000	-1.3054180961331
2.8581900000000	-1.2790948660605
2.8582000000000	-1.2561871470453
2.8582100000000	-1.2327229389265
2.8582200000000	-1.2087208777997
2.8582300000000	-1.1878802325521
2.8582400000000	-1.1664829905832
2.8582500000000	-1.1445465294882
2.8582600000000	-1.1255389498176
2.8582700000000	-1.1059795363703
2.8582800000000	-1.0858844013658
2.8582900000000	-1.0685053303153
2.8583000000000	-1.0505829969727
2.8583100000000	-1.0321322686952
2.8583200000000	-1.0162027756980
2.8583300000000	-0.99974151568442
2.8583400000000	-0.98276215166919
2.8583500000000	-0.96812557903134
2.8583600000000	-0.95297092679327
2.8583700000000	-0.93731070808002
2.8583800000000	-0.92382974390422
2.8583900000000	-0.90984597890718
2.8584000000000	-0.89537083986898
2.8584100000000	-0.88292497192627
2.8584200000000	-0.86999268348068
2.8584300000000	-0.85658438379606
2.8584400000000	-0.84506769040983
2.8584500000000	-0.83308166194988
2.8584600000000	-0.82063576135283
2.8584700000000	-0.80995499821014
2.8584800000000	-0.79882237223460
2.8584900000000	-0.78724647138185
2.8585000000000	-0.77731941668177
2.8585100000000	-0.76695810489217
2.8585200000000	-0.75617031889662
2.8585300000000	-0.74692434302593
2.8585400000000	-0.73726164980386
2.8585500000000	-0.72718928437784
2.8585600000000	-0.71856011405981
2.8585700000000	-0.70953154493616
2.8585800000000	-0.70010994842467
2.8585900000000	-0.69204059889978
2.8586000000000	-0.68358882907935
2.8586100000000	-0.67476039686689
2.8586200000000	-0.66720024897767
2.8586300000000	-0.65927423010038
2.8586400000000	-0.65098754078967
2.8586500000000	-0.64389154288596
2.8586600000000	-0.63644572903663
2.8586700000000	-0.62865479448100
2.8586800000000	-0.62198277175467
2.8586900000000	-0.61497644828286
2.8587000000000	-0.60764006192422
2.8587100000000	-0.60135611816788
2.8587200000000	-0.59475281910848
2.8587300000000	-0.58783398917824
2.8587400000000	-0.58190598806199
2.8587500000000	-0.57567298992090
2.8587600000000	-0.56913844590534
2.8587700000000	-0.56353756067757
2.8587800000000	-0.55764544204256
2.8587900000000	-0.55146520441971
2.8588000000000	-0.54616552651438
2.8588100000000	-0.54058778444872
2.8588200000000	-0.53473478909706
2.8588300000000	-0.52971298748496
2.8588400000000	-0.52442570292257
2.8588500000000	-0.51887547280264
2.8588600000000	-0.51411049709224
2.8588700000000	-0.50909204256507
2.8588800000000	-0.50382240031737
2.8588900000000	-0.49929522160768
2.8589000000000	-0.49452600557320
2.8589100000000	-0.48951682155733
2.8589200000000	-0.48521020590255
2.8589300000000	-0.48067244875230
2.8589400000000	-0.47590541982484
2.8589500000000	-0.47180372990476
2.8589600000000	-0.46748126742379
2.8589700000000	-0.46293972240791
2.8589800000000	-0.45902874361754
2.8589900000000	-0.45490685426382
2.8590000000000	-0.45057558261962
2.8590100000000	-0.44684237033232
2.8590200000000	-0.44290762320928
2.8590300000000	-0.43877272390330
2.8590400000000	-0.43520546911456
2.8590500000000	-0.43144558994275
2.8590600000000	-0.42749433792254
2.8590700000000	-0.42408224887267
2.8590800000000	-0.42048600164285
2.8590900000000	-0.41670672968139
2.8591000000000	-0.41343992738843
2.8591100000000	-0.40999700969343
2.8591200000000	-0.40637900366456
2.8591300000000	-0.40324842958445
2.8591400000000	-0.39994937990053
2.8591500000000	-0.39648278581612
2.8591600000000	-0.39348012009030
2.8591700000000	-0.39031623551300
2.8591800000000	-0.38699197686729
2.8591900000000	-0.38410956582734
2.8592000000000	-0.38107282896762
2.8592100000000	-0.37788253313233
2.8592200000000	-0.37511332491173
2.8592300000000	-0.37219633882798
2.8592400000000	-0.36913227140605
2.8592500000000	-0.36646975865926
2.8592600000000	-0.36366568885254
2.8592700000000	-0.36072069503732
2.8592800000000	-0.35815886390273
2.8592900000000	-0.35546138652818
2.8593000000000	-0.35262883864246
2.8593100000000	-0.35016212319619
2.8593200000000	-0.34756537875112
2.8593300000000	-0.34483912924179
2.8593400000000	-0.34246237078885
2.8593500000000	-0.33996092263701
2.8593600000000	-0.33733526189753
2.8593700000000	-0.33504367252979
2.8593800000000	-0.33263246969940
2.8593900000000	-0.33010208816475
2.8594000000000	-0.32789121808942
2.8594100000000	-0.32556556185531
2.8594200000000	-0.32312551589052
2.8594300000000	-0.32099122409381
2.8594400000000	-0.31874673791380
2.8594500000000	-0.31639241906898
2.8594600000000	-0.31433084693566
2.8594700000000	-0.31216344936571
2.8594800000000	-0.30989055662812
2.8594900000000	-0.30789810418432
2.8595000000000	-0.30580398444136
2.8595100000000	-0.30360849915580
2.8595200000000	-0.30168180364217
2.8595300000000	-0.29965739952470
2.8595400000000	-0.29753556269558
2.8595500000000	-0.29567147921471
2.8595600000000	-0.29371345712655
2.8595700000000	-0.29166174884601
2.8595800000000	-0.28985733285910
2.8595900000000	-0.28796256970943
2.8596000000000	-0.28597769048848
2.8596100000000	-0.28423018196135
2.8596200000000	-0.28239574874371
2.8596300000000	-0.28047460254835
2.8596400000000	-0.27878141157188
2.8596500000000	-0.27700455844591
2.8596600000000	-0.27514423726054
2.8596700000000	-0.27350293099105
2.8596800000000	-0.27178107371162
2.8596900000000	-0.26997884347691
2.8597000000000	-0.26838713425889
2.8597100000000	-0.26671784181503
2.8597200000000	-0.26497112959968
2.8597300000000	-0.26342686414943
2.8597400000000	-0.26180784749054
2.8597500000000	-0.26011422977527
2.8597600000000	-0.25861537931893
2.8597700000000	-0.25704448106022
2.8597800000000	-0.25540167302447
2.8597900000000	-0.25394632429310
2.8598000000000	-0.25242150930258
2.8598100000000	-0.25082735501626
2.8598200000000	-0.24941370201430
2.8598300000000	-0.24793304879697
2.8598400000000	-0.24638551223017
2.8598500000000	-0.24501184870151
2.8598600000000	-0.24357354150220
2.8598700000000	-0.24207069827543
2.8598800000000	-0.24073541079885
2.8598900000000	-0.23933773235626
2.8599000000000	-0.23787776216208
2.8599100000000	-0.23657932381653
2.8599200000000	-0.23522064870685
2.8599300000000	-0.23380182833922
2.8599400000000	-0.23253879288487
2.8599500000000	-0.23121758140004
2.8599600000000	-0.22983827833738
2.8599700000000	-0.22860927486437
2.8599800000000	-0.22732406737590
2.8599900000000	-0.22598273386618
2.8600000000000	-0.22478646186744
