#Parameters = {n=0.01; f0=2856000000; lambda=0.10496934803922; l=0.0010496934803922; LL=0.13}
#"Frequency / GHz"	"S1,1 (13) [Magnitude in dB]"
#-----------------------------------------------
2.8500000000000	-0.23925212773667
2.8500100000000	-0.24088277156394
2.8500200000000	-0.24245134023091
2.8500300000000	-0.24395772216477
2.8500400000000	-0.24564567462736
2.8500500000000	-0.24726897742695
2.8500600000000	-0.24882750794264
2.8500700000000	-0.25057576976327
2.8500800000000	-0.25225666817616
2.8500900000000	-0.25387006830038
2.8501000000000	-0.25568185107634
2.8501100000000	-0.25742340849223
2.8501200000000	-0.25909459205015
2.8501300000000	-0.26097333684583
2.8501400000000	-0.26277883651736
2.8501500000000	-0.26451092742902
2.8501600000000	-0.26646032533235
2.8501700000000	-0.26833329024646
2.8501800000000	-0.27012964169321
2.8501900000000	-0.27215365657804
2.8502000000000	-0.27409787148691
2.8502100000000	-0.27596208718452
2.8502200000000	-0.27806498095386
2.8502300000000	-0.28008451683302
2.8502400000000	-0.28202047467972
2.8502500000000	-0.28420683530150
2.8502600000000	-0.28630607654971
2.8502700000000	-0.28831795495778
2.8502800000000	-0.29059272765181
2.8502900000000	-0.29277640238591
2.8503000000000	-0.29486870964858
2.8503100000000	-0.29723723163325
2.8503200000000	-0.29951044548616
2.8503300000000	-0.30168805258662
2.8503400000000	-0.30415609185637
2.8503500000000	-0.30652436574750
2.8503600000000	-0.30879254307641
2.8503700000000	-0.31136634174549
2.8503800000000	-0.31383565416064
2.8503900000000	-0.31620011267855
2.8504000000000	-0.31888643551600
2.8504100000000	-0.32146326992050
2.8504200000000	-0.32393020738880
2.8504300000000	-0.32673639625543
2.8504400000000	-0.32942779435417
2.8504500000000	-0.33200394735080
2.8504600000000	-0.33493798236570
2.8504700000000	-0.33775160404515
2.8504800000000	-0.34044430660013
2.8504900000000	-0.34351487499228
2.8505000000000	-0.34645906590030
2.8505100000000	-0.34927631571777
2.8505200000000	-0.35249288946729
2.8505300000000	-0.35557675735377
2.8505400000000	-0.35852729074717
2.8505500000000	-0.36190021430437
2.8505600000000	-0.36513371541962
2.8505700000000	-0.36822709227222
2.8505800000000	-0.37176768184631
2.8505900000000	-0.37516171891211
2.8506000000000	-0.37840841919681
2.8506100000000	-0.38212907536111
2.8506200000000	-0.38569560888691
2.8506300000000	-0.38910714254148
2.8506400000000	-0.39302147818424
2.8506500000000	-0.39677365319643
2.8506600000000	-0.40036268545667
2.8506700000000	-0.40448567146367
2.8506800000000	-0.40843796207956
2.8506900000000	-0.41221845674605
2.8507000000000	-0.41656658820090
2.8507100000000	-0.42073496289543
2.8507200000000	-0.42472234644402
2.8507300000000	-0.42931383262399
2.8507400000000	-0.43371594355082
2.8507500000000	-0.43792729352139
2.8507600000000	-0.44278227554171
2.8507700000000	-0.44743767586080
2.8507800000000	-0.45189193758145
2.8507900000000	-0.45703273822955
2.8508000000000	-0.46196313211858
2.8508100000000	-0.46668136857114
2.8508200000000	-0.47213277969280
2.8508300000000	-0.47736231057411
2.8508400000000	-0.48236799109269
2.8508500000000	-0.48815760486634
2.8508600000000	-0.49371318839848
2.8508700000000	-0.49903252297390
2.8508800000000	-0.50519111458608
2.8508900000000	-0.51110282420730
2.8509000000000	-0.51676515144711
2.8509100000000	-0.52332712206528
2.8509200000000	-0.52962863633333
2.8509300000000	-0.53566687467039
2.8509400000000	-0.54267076529760
2.8509500000000	-0.54939988804295
2.8509600000000	-0.55585106164486
2.8509700000000	-0.56334015042477
2.8509800000000	-0.57053941683449
2.8509900000000	-0.57744526988901
2.8510000000000	-0.58546826783081
2.8510100000000	-0.59318565212817
2.8510200000000	-0.60059336786046
2.8510300000000	-0.60920523080934
2.8510400000000	-0.61749497421118
2.8510500000000	-0.62545801820248
2.8510600000000	-0.63472089629526
2.8510700000000	-0.64364447757347
2.8510800000000	-0.65222358880995
2.8510900000000	-0.66220793872753
2.8511000000000	-0.67183521403327
2.8511100000000	-0.68109957171522
2.8511200000000	-0.69188546186637
2.8511300000000	-0.70229600562058
2.8511400000000	-0.71232460527904
2.8511500000000	-0.72400324978324
2.8511600000000	-0.73528793457150
2.8511700000000	-0.74617121355784
2.8511800000000	-0.75884677758826
2.8511900000000	-0.77110963817290
2.8512000000000	-0.78295139828690
2.8512100000000	-0.79674312520229
2.8512200000000	-0.81010356018655
2.8512300000000	-0.82302324422420
2.8512400000000	-0.83806796392605
2.8512500000000	-0.85266333828134
2.8512600000000	-0.86679872767837
2.8512700000000	-0.88325381589815
2.8512800000000	-0.89924253859781
2.8512900000000	-0.91475295117420
2.8513000000000	-0.93279982078260
2.8513100000000	-0.95036498399053
2.8513200000000	-0.96743506391117
2.8513300000000	-0.98728328156529
2.8513400000000	-1.0066369609370
2.8513500000000	-1.0254811670778
2.8513600000000	-1.0473733010563
2.8513700000000	-1.0687616300778
2.8513800000000	-1.0896295432375
2.8513900000000	-1.1138468600140
2.8514000000000	-1.1375560036826
2.8514100000000	-1.1607385862404
2.8514200000000	-1.1876077226076
2.8514300000000	-1.2139708853057
2.8514400000000	-1.2398078368110
2.8514500000000	-1.2697085782275
2.8514600000000	-1.2991141841467
2.8514700000000	-1.3280025394167
2.8514800000000	-1.3613768298818
2.8514900000000	-1.3942780073649
2.8515000000000	-1.4266821150411
2.8515100000000	-1.4640444028358
2.8515200000000	-1.5009698797142
2.8515300000000	-1.5374328713350
2.8515400000000	-1.5793818504884
2.8515500000000	-1.6209483170249
2.8515600000000	-1.6621051197223
2.8515700000000	-1.7093368480679
2.8515800000000	-1.7562627555330
2.8515900000000	-1.8028546025981
2.8516000000000	-1.8561768506742
2.8516100000000	-1.9092974730053
2.8516200000000	-1.9621877110096
2.8516300000000	-2.0225352077960
2.8516400000000	-2.0828185866503
2.8516500000000	-2.1430093504829
2.8516600000000	-2.2114593296768
2.8516700000000	-2.2800224378892
2.8516800000000	-2.3486714556662
2.8516900000000	-2.4264585662279
2.8517000000000	-2.5045826603965
2.8517100000000	-2.5830190611782
2.8517200000000	-2.6715483015898
2.8517300000000	-2.7606920113068
2.8517400000000	-2.8504295675384
2.8517500000000	-2.9512854815068
2.8517600000000	-3.0530937584140
2.8517700000000	-3.1558395726825
2.8517800000000	-3.2707895981475
2.8517900000000	-3.3870963324157
2.8518000000000	-3.5047527020325
2.8518100000000	-3.6357424503182
2.8518200000000	-3.7685645293178
2.8518300000000	-3.9032217853175
2.8518400000000	-4.0523603529754
2.8518500000000	-4.2038814097504
2.8518600000000	-4.3578001650324
2.8518700000000	-4.5273345742986
2.8518800000000	-4.6998778770511
2.8518900000000	-4.8754605476427
2.8519000000000	-5.0677402320764
2.8519100000000	-5.2637322238401
2.8519200000000	-5.4634859871032
2.8519300000000	-5.6809208466692
2.8519400000000	-5.9028496420712
2.8519500000000	-6.1293459683742
2.8519600000000	-6.3743645466977
2.8519700000000	-6.6247407613458
2.8519800000000	-6.8805797261414
2.8519900000000	-7.1555967696545
2.8520000000000	-7.4369265660410
2.8520100000000	-7.7247164083147
2.8520200000000	-8.0321204706853
2.8520300000000	-8.3469016511807
2.8520400000000	-8.6692644935591
2.8520500000000	-9.0114354383385
2.8520600000000	-9.3621859738874
2.8520700000000	-9.7217985389777
2.8520800000000	-10.101161289882
2.8520900000000	-10.490485510029
2.8521000000000	-10.890158861782
2.8521100000000	-11.309273595300
2.8521200000000	-11.739964479764
2.8521300000000	-12.182759389586
2.8521400000000	-12.644439909962
2.8521500000000	-13.119606618723
2.8521600000000	-13.608970811213
2.8521700000000	-14.116408406163
2.8521800000000	-14.639601734362
2.8521900000000	-15.179496146345
2.8522000000000	-15.736348983429
2.8522100000000	-16.311635057662
2.8522200000000	-16.906586955412
2.8522300000000	-17.516944647010
2.8522400000000	-18.148813475038
2.8522500000000	-18.803752867747
2.8522600000000	-19.471790245415
2.8522700000000	-20.164658659290
2.8522800000000	-20.884225194331
2.8522900000000	-21.613129281203
2.8523000000000	-22.369895107279
2.8523100000000	-23.156503109630
2.8523200000000	-23.945748175035
2.8523300000000	-24.764190139592
2.8523400000000	-25.613279712674
2.8523500000000	-26.452285942538
2.8523600000000	-27.316821314975
2.8523700000000	-28.206180369437
2.8523800000000	-29.060843235016
2.8523900000000	-29.925674641974
2.8524000000000	-30.794689000722
2.8524100000000	-31.583961828813
2.8524200000000	-32.347042359708
2.8524300000000	-33.069824582562
2.8524400000000	-33.645448967989
2.8524500000000	-34.138505030981
2.8524600000000	-34.532393225841
2.8524700000000	-34.719881901376
2.8524800000000	-34.784360224077
2.8524900000000	-34.723107017260
2.8525000000000	-34.461530651500
2.8525100000000	-34.094986450865
2.8525200000000	-33.636291509455
2.8525300000000	-33.046804385781
2.8525400000000	-32.405804108174
2.8525500000000	-31.726353032923
2.8525600000000	-30.989064617307
2.8525700000000	-30.242920731536
2.8525800000000	-29.494527222375
2.8525900000000	-28.734274767139
2.8526000000000	-27.985989583906
2.8526100000000	-27.251617053504
2.8526200000000	-26.528253648676
2.8526300000000	-25.823717576228
2.8526400000000	-25.137872002949
2.8526500000000	-24.472877975227
2.8526600000000	-23.827205244510
2.8526700000000	-23.200042905529
2.8526800000000	-22.597224626958
2.8526900000000	-22.011875839929
2.8527000000000	-21.443093394875
2.8527100000000	-20.899232034344
2.8527200000000	-20.370388350146
2.8527300000000	-19.855764435629
2.8527400000000	-19.365357689372
2.8527500000000	-18.887589928819
2.8527600000000	-18.421813265530
2.8527700000000	-17.979029069783
2.8527800000000	-17.546797304957
2.8527900000000	-17.124611221088
2.8528000000000	-16.724022187989
2.8528100000000	-16.332230047257
2.8528200000000	-15.948845394335
2.8528300000000	-15.585649975117
2.8528400000000	-15.229800499659
2.8528500000000	-14.881000206952
2.8528600000000	-14.551037170227
2.8528700000000	-14.227228510919
2.8528800000000	-13.909348861776
2.8528900000000	-13.609036275429
2.8529000000000	-13.313899850010
2.8529100000000	-13.023768604041
2.8529200000000	-12.750022413877
2.8529300000000	-12.480646844721
2.8529400000000	-12.215512128685
2.8529500000000	-11.965666440016
2.8529600000000	-11.719524648169
2.8529700000000	-11.476988157557
2.8529800000000	-11.248725077375
2.8529900000000	-11.023610601375
2.8530000000000	-10.801569709437
2.8530100000000	-10.592860566794
2.8530200000000	-10.386834349897
2.8530300000000	-10.183433885676
2.8530400000000	-9.9924912199322
2.8530500000000	-9.8038381666376
2.8530600000000	-9.6174310849642
2.8530700000000	-9.4426699491360
2.8530800000000	-9.2698638875069
2.8530900000000	-9.0989795411404
2.8531000000000	-8.9389865049434
2.8531100000000	-8.7806620802200
2.8531200000000	-8.6239807393819
2.8531300000000	-8.4774890898557
2.8531400000000	-8.3324192293607
2.8531500000000	-8.1887516113807
2.8531600000000	-8.0546214576024
2.8531700000000	-7.9216992393373
2.8531800000000	-7.7899699911952
2.8531900000000	-7.6671722044195
2.8532000000000	-7.5453961664198
2.8532100000000	-7.4246304306889
2.8532200000000	-7.3122335607315
2.8532300000000	-7.2006956780319
2.8532400000000	-7.0900080458180
2.8532500000000	-6.9871675358396
2.8532600000000	-6.8850432562508
2.8532700000000	-6.7836285605968
2.8532800000000	-6.6895777343300
2.8532900000000	-6.5961176018237
2.8533000000000	-6.5032431297678
2.8533100000000	-6.4172857218865
2.8533200000000	-6.3318083994950
2.8533300000000	-6.2468073720026
2.8533400000000	-6.1683104240359
2.8533500000000	-6.0901959815498
2.8533600000000	-6.0124612066507
2.8533700000000	-5.9408498579290
2.8533800000000	-5.8695348609793
2.8533900000000	-5.7985141012564
2.8534000000000	-5.7332663369921
2.8534100000000	-5.6682388385239
2.8534200000000	-5.6034300313703
2.8534300000000	-5.5440721539904
2.8534400000000	-5.4848673597439
2.8534500000000	-5.4258144661766
2.8534600000000	-5.3719170191306
2.8534700000000	-5.3181133697242
2.8534800000000	-5.2644026067151
2.8534900000000	-5.2155766835340
2.8535000000000	-5.1667922944354
2.8535100000000	-5.1180486997953
2.8535200000000	-5.0739425883516
2.8535300000000	-5.0298320040399
2.8535400000000	-4.9857162960365
2.8535500000000	-4.9460124202430
2.8535600000000	-4.9062636495000
2.8535700000000	-4.8664693523818
2.8535800000000	-4.8308814819918
2.8535900000000	-4.7952132884728
2.8536000000000	-4.7594641012661
2.8536100000000	-4.7277348062664
2.8536200000000	-4.6958942333892
2.8536300000000	-4.6639416233500
2.8536400000000	-4.6358399533695
2.8536500000000	-4.6076000658862
2.8536600000000	-4.5792210707337
2.8536700000000	-4.5545404425558
2.8536800000000	-4.5296982693230
2.8536900000000	-4.5046934940760
2.8537000000000	-4.4832497721938
2.8537100000000	-4.4616244361570
2.8537200000000	-4.4398162316180
2.8537300000000	-4.4214459880113
2.8537400000000	-4.4028770104460
2.8537500000000	-4.3841078211608
2.8537600000000	-4.3686667614720
2.8537700000000	-4.3530125283205
2.8537800000000	-4.3371433984614
2.8537900000000	-4.3245049424579
2.8538000000000	-4.3116413211938
2.8538100000000	-4.2985505473387
2.8538200000000	-4.2886045522250
2.8538300000000	-4.2784236482578
2.8538400000000	-4.2680055684822
2.8538500000000	-4.2606571841889
2.8538600000000	-4.2530662263209
2.8538700000000	-4.2452301354979
2.8538800000000	-4.2403987816378
2.8538900000000	-4.2353191265870
2.8539000000000	-4.2299883082192
2.8539100000000	-4.2276067629335
2.8539200000000	-4.2249730094416
2.8539300000000	-4.2220838748268
2.8539400000000	-4.2220974662683
2.8539500000000	-4.2218566697899
2.8539600000000	-4.2213579957638
2.8539700000000	-4.2237238874706
2.8539800000000	-4.2258348669258
2.8539900000000	-4.2276871238854
2.8540000000000	-4.2323736857832
2.8540100000000	-4.2368064143098
2.8540200000000	-4.2409811766523
2.8540300000000	-4.2479674338829
2.8540400000000	-4.2547025059675
2.8540500000000	-4.2611819374937
2.8540600000000	-4.2704570897010
2.8540700000000	-4.2794852574717
2.8540800000000	-4.2882616646980
2.8540900000000	-4.2998246687867
2.8541000000000	-4.3111464406281
2.8541100000000	-4.3222218872963
2.8541200000000	-4.3360810970500
2.8541300000000	-4.3497063920352
2.8541400000000	-4.3630923684377
2.8541500000000	-4.3792652246883
2.8541600000000	-4.3952130766355
2.8541700000000	-4.4109302176625
2.8541800000000	-4.4294429829927
2.8541900000000	-4.4477412882078
2.8542000000000	-4.4658191342624
2.8542100000000	-4.4867066664754
2.8542200000000	-4.5073919694862
2.8542300000000	-4.5278687646558
2.8542400000000	-4.5511743234492
2.8542500000000	-4.5742916352423
2.8542600000000	-4.5972141572926
2.8542700000000	-4.6229892387957
2.8542800000000	-4.6485918822614
2.8542900000000	-4.6740152992103
2.8543000000000	-4.7023194932083
2.8543100000000	-4.7304689706696
2.8543200000000	-4.7584567188801
2.8543300000000	-4.7893575837461
2.8543400000000	-4.8201234616314
2.8543500000000	-4.8507471405210
2.8543600000000	-4.8843200910644
2.8543700000000	-4.9177798970019
2.8543800000000	-4.9511191757003
2.8543900000000	-4.9874473793790
2.8544000000000	-5.0236865071794
2.8544100000000	-5.0598290386618
2.8544200000000	-5.0990033158548
2.8544300000000	-5.1381149341847
2.8544400000000	-5.1771562727543
2.8544500000000	-5.2192749971385
2.8544600000000	-5.2613599579859
2.8544700000000	-5.3034034762878
2.8544800000000	-5.3485724717898
2.8544900000000	-5.3937392152946
2.8545000000000	-5.4388960175751
2.8545100000000	-5.4872284488458
2.8545200000000	-5.5355929016082
2.8545300000000	-5.5839817304564
2.8545400000000	-5.6355979845236
2.8545500000000	-5.6872834491932
2.8545600000000	-5.7390305837525
2.8545700000000	-5.7940581412323
2.8545800000000	-5.8491951759903
2.8545900000000	-5.9044343205156
2.8546000000000	-5.9630076157398
2.8546100000000	-6.0217339032825
2.8546200000000	-6.0806060659092
2.8546300000000	-6.1428663364116
2.8546400000000	-6.2053265432384
2.8546500000000	-6.2679799061260
2.8546600000000	-6.3340750332342
2.8546700000000	-6.4004206613068
2.8546800000000	-6.4670104446259
2.8546900000000	-6.5370947883108
2.8547000000000	-6.6074840227519
2.8547100000000	-6.6781723466650
2.8547200000000	-6.7524068596145
2.8547300000000	-6.8270047038278
2.8547400000000	-6.9019607464207
2.8547500000000	-6.9805119912320
2.8547600000000	-7.0594892845155
2.8547700000000	-7.1388883015187
2.8547800000000	-7.2219291091947
2.8547900000000	-7.3054632237458
2.8548000000000	-7.3894872865874
2.8548100000000	-7.4771963708752
2.8548200000000	-7.5654708460488
2.8548300000000	-7.6543084985489
2.8548400000000	-7.7468703695507
2.8548500000000	-7.8400748558718
2.8548600000000	-7.9339210916992
2.8548700000000	-8.0315260196292
2.8548800000000	-8.1298562785848
2.8548900000000	-8.2289125806032
2.8549000000000	-8.3317566253232
2.8549100000000	-8.4354146014428
2.8549200000000	-8.5398890603594
2.8549300000000	-8.6481741838690
2.8549400000000	-8.7573681670588
2.8549500000000	-8.8674756982379
2.8549600000000	-8.9814099786036
2.8549700000000	-9.0963548760902
2.8549800000000	-9.2123175549332
2.8549900000000	-9.3321155210345
2.8550000000000	-9.4530332593120
2.8550100000000	-9.5750807965022
2.8550200000000	-9.7009639038030
2.8550300000000	-9.8280839816209
2.8550400000000	-9.9564543605145
2.8550500000000	-10.088651628256
2.8550600000000	-10.222211842216
2.8550700000000	-10.357152141053
2.8550800000000	-10.495900971389
2.8550900000000	-10.636148335739
2.8551000000000	-10.777915757591
2.8551100000000	-10.923462956896
2.8551200000000	-11.070654839068
2.8551300000000	-11.219517972701
2.8551400000000	-11.372120994790
2.8551500000000	-11.526526487878
2.8551600000000	-11.682766822401
2.8551700000000	-11.842695252798
2.8551800000000	-12.004596805941
2.8551900000000	-12.168510522374
2.8552000000000	-12.336047822095
2.8552100000000	-12.505743149240
2.8552200000000	-12.677643211932
2.8552300000000	-12.853088738707
2.8552400000000	-13.030893026144
2.8552500000000	-13.211111597609
2.8552600000000	-13.394782921807
2.8552700000000	-13.581031354928
2.8552800000000	-13.769922557997
2.8552900000000	-13.962158090536
2.8553000000000	-14.157208720483
2.8553100000000	-14.355151773068
2.8553200000000	-14.556313722302
2.8553300000000	-14.760550694018
2.8553400000000	-14.967953443120
2.8553500000000	-15.178431118028
2.8553600000000	-15.392268282047
2.8553700000000	-15.609571165591
2.8553800000000	-15.829784642816
2.8553900000000	-16.053669574384
2.8554000000000	-16.281350042012
2.8554100000000	-16.511754214451
2.8554200000000	-16.746172664644
2.8554300000000	-16.984750090583
2.8554400000000	-17.225839115021
2.8554500000000	-17.471319919496
2.8554600000000	-17.721361043237
2.8554700000000	-17.973673203572
2.8554800000000	-18.230793674412
2.8554900000000	-18.492918606049
2.8555000000000	-18.757041606268
2.8555100000000	-19.026433431643
2.8555200000000	-19.301322259601
2.8555300000000	-19.577898956913
2.8555400000000	-19.860254630151
2.8555500000000	-20.148654667632
2.8555600000000	-20.438389250515
2.8555700000000	-20.734469046315
2.8555800000000	-21.037202750555
2.8555900000000	-21.340867359701
2.8556000000000	-21.651506869920
2.8556100000000	-21.969480465975
2.8556200000000	-22.287922251251
2.8556300000000	-22.614040490682
2.8556400000000	-22.948253332467
2.8556500000000	-23.282401942170
2.8556600000000	-23.625010043150
2.8556700000000	-23.976564760454
2.8556800000000	-24.327440285192
2.8556900000000	-24.687650836726
2.8557000000000	-25.057764366952
2.8557100000000	-25.426485839131
2.8557200000000	-25.805523027976
2.8557300000000	-26.195538762170
2.8557400000000	-26.583333501232
2.8557500000000	-26.982544447968
2.8557600000000	-27.393946015484
2.8557700000000	-27.802160515693
2.8557800000000	-28.223028700678
2.8557900000000	-28.657456538821
2.8558000000000	-29.087570413204
2.8558100000000	-29.531733085927
2.8558200000000	-29.991006174603
2.8558300000000	-30.444652216082
2.8558400000000	-30.913925567845
2.8558500000000	-31.400073036490
2.8558600000000	-31.879069228396
2.8558700000000	-32.375488467785
2.8558800000000	-32.890799922316
2.8558900000000	-33.397203836511
2.8559000000000	-33.923090836496
2.8559100000000	-34.470201032446
2.8559200000000	-35.006403808887
2.8559300000000	-35.564482897129
2.8559400000000	-36.146515897320
2.8559500000000	-36.715400259344
2.8559600000000	-37.308990367551
2.8559700000000	-37.929796666231
2.8559800000000	-38.534981978031
2.8559900000000	-39.168287354713
2.8560000000000	-39.832795517159
2.8560100000000	-40.478948892463
2.8560200000000	-41.157401675758
2.8560300000000	-41.872002615796
2.8560400000000	-42.564977073113
2.8560500000000	-43.295264868106
2.8560600000000	-44.067679152438
2.8560700000000	-44.813457447432
2.8560800000000	-45.601703505426
2.8560900000000	-46.438042586265
2.8561000000000	-47.236595100436
2.8561100000000	-48.078920956962
2.8561200000000	-48.969373733177
2.8561300000000	-49.790354551746
2.8561400000000	-50.637392988499
2.8561500000000	-51.505252993859
2.8561600000000	-52.216403433532
2.8561700000000	-52.884698280606
2.8561800000000	-53.488105632229
2.8561900000000	-53.826361800829
2.8562000000000	-54.044975783337
2.8562100000000	-54.039031466908
2.8562200000000	-53.797662680515
2.8562300000000	-53.501918027578
2.8562400000000	-53.179954259067
2.8562500000000	-52.685239657610
2.8562600000000	-52.229833315480
2.8562700000000	-51.819139427486
2.8562800000000	-51.323518724927
2.8562900000000	-50.896160889692
2.8563000000000	-50.531074971227
2.8563100000000	-50.116721478551
2.8563200000000	-49.769902626524
2.8563300000000	-49.483018375810
2.8563400000000	-49.160646031222
2.8563500000000	-48.897434964051
2.8563600000000	-48.686234854310
2.8563700000000	-48.443080123211
2.8563800000000	-48.247522716603
2.8563900000000	-48.092143381513
2.8564000000000	-47.899277900871
2.8564100000000	-47.736923148998
2.8564200000000	-47.595746985507
2.8564300000000	-47.399584109172
2.8564400000000	-47.207500989690
2.8564500000000	-47.007724441326
2.8564600000000	-46.724329645212
2.8564700000000	-46.413119967899
2.8564800000000	-46.064628984826
2.8564900000000	-45.610189757171
2.8565000000000	-45.111499928058
2.8565100000000	-44.568779185160
2.8565200000000	-43.928228976997
2.8565300000000	-43.257322624853
2.8565400000000	-42.563111469111
2.8565500000000	-41.802529240902
2.8565600000000	-41.038048764833
2.8565700000000	-40.275477978963
2.8565800000000	-39.476109397917
2.8565900000000	-38.691652433749
2.8566000000000	-37.924357606877
2.8566100000000	-37.138441922770
2.8566200000000	-36.375772753665
2.8566300000000	-35.636275523062
2.8566400000000	-34.887528582268
2.8566500000000	-34.164008504528
2.8566600000000	-33.464636237049
2.8566700000000	-32.760578934259
2.8566800000000	-32.080844231634
2.8566900000000	-31.424064275105
2.8567000000000	-30.764846695490
2.8567100000000	-30.127989808112
2.8567200000000	-29.512144814713
2.8567300000000	-28.895046524164
2.8567400000000	-28.298103186950
2.8567500000000	-27.720096078953
2.8567600000000	-27.141547589593
2.8567700000000	-26.581031111000
2.8567800000000	-26.037485310510
2.8567900000000	-25.493910568886
2.8568000000000	-24.966440459307
2.8568100000000	-24.454165854518
2.8568200000000	-23.942300772996
2.8568300000000	-23.444832241190
2.8568400000000	-22.960987296779
2.8568500000000	-22.477973586555
2.8568600000000	-22.007856755322
2.8568700000000	-21.549981832886
2.8568800000000	-21.093368428296
2.8568900000000	-20.648338272764
2.8569000000000	-20.214337340287
2.8569100000000	-19.782047000074
2.8569200000000	-19.360187967611
2.8569300000000	-18.948292237969
2.8569400000000	-18.538577861077
2.8569500000000	-18.138281821287
2.8569600000000	-17.747009441234
2.8569700000000	-17.358410031937
2.8569800000000	-16.978334980672
2.8569900000000	-16.606452254963
2.8570000000000	-16.237752051824
2.8570100000000	-15.876784050570
2.8570200000000	-15.523269885273
2.8570300000000	-15.173461412529
2.8570400000000	-14.830680136575
2.8570500000000	-14.494693783246
2.8570600000000	-14.162944483846
2.8570700000000	-13.837591936153
2.8570800000000	-13.518443523745
2.8570900000000	-13.204065293954
2.8571000000000	-12.895517022941
2.8571100000000	-12.592640242733
2.8571200000000	-12.295061199543
2.8571300000000	-12.002799420724
2.8571400000000	-11.715725831215
2.8571500000000	-11.434463819164
2.8571600000000	-11.158052033216
2.8571700000000	-10.886386658777
2.8571800000000	-10.621024249226
2.8571900000000	-10.360083197865
2.8572000000000	-10.103481344730
2.8572100000000	-9.8536423454218
2.8572200000000	-9.6078274032499
2.8572300000000	-9.3659728651654
2.8572400000000	-9.1313006025541
2.8572500000000	-8.9002809329854
2.8572600000000	-8.6728659731185
2.8572700000000	-8.4530038003579
2.8572800000000	-8.2364437722060
2.8572900000000	-8.0231514142797
2.8573000000000	-7.8177260057877
2.8573100000000	-7.6152694488079
2.8573200000000	-7.4157586661124
2.8573300000000	-7.2243666644880
2.8573400000000	-7.0356245187693
2.8573500000000	-6.8495188588654
2.8573600000000	-6.6717173359885
2.8573700000000	-6.4962591211573
2.8573800000000	-6.3231391515333
2.8573900000000	-6.1584401461193
2.8574000000000	-5.9957894584557
2.8574100000000	-5.8351891850877
2.8574200000000	-5.6830583131433
2.8574300000000	-5.5326922859651
2.8574400000000	-5.3840994192810
2.8574500000000	-5.2439582658529
2.8574600000000	-5.1053106456774
2.8574700000000	-4.9681703131433
2.8574800000000	-4.8394020501290
2.8574900000000	-4.7118692931720
2.8575000000000	-4.5855905671651
2.8575100000000	-4.4675480436170
2.8575200000000	-4.3504976619923
2.8575300000000	-4.2344621195562
2.8575400000000	-4.1264775634473
2.8575500000000	-4.0192578675974
2.8575600000000	-3.9128293397995
2.8575700000000	-3.8142248010924
2.8575800000000	-3.7161751976870
2.8575900000000	-3.6187098993881
2.8576000000000	-3.5288076423203
2.8576100000000	-3.4392687399920
2.8576200000000	-3.3501250772204
2.8576300000000	-3.2682572715627
2.8576400000000	-3.1865801958235
2.8576500000000	-3.1051277023818
2.8576600000000	-3.0306449402068
2.8576700000000	-2.9561994347965
2.8576800000000	-2.8818264636520
2.8576900000000	-2.8141048111763
2.8577000000000	-2.7462858792655
2.8577100000000	-2.6784058433524
2.8577200000000	-2.6168523047332
2.8577300000000	-2.5550853005396
2.8577400000000	-2.4931414041814
2.8577500000000	-2.4371978111880
2.8577600000000	-2.3809420177990
2.8577700000000	-2.3244105343907
2.8577800000000	-2.2735559764324
2.8577900000000	-2.2223067955480
2.8578000000000	-2.1706990266750
2.8578100000000	-2.1244509998892
2.8578200000000	-2.0777409342663
2.8578300000000	-2.0306040322533
2.8578400000000	-1.9885185188653
2.8578500000000	-1.9459171542382
2.8578600000000	-1.9028340101831
2.8578700000000	-1.8645047068065
2.8578800000000	-1.8256179032680
2.8578900000000	-1.7862063020294
2.8579000000000	-1.7512632052371
2.8579100000000	-1.7157316956545
2.8579200000000	-1.6796429250566
2.8579300000000	-1.6477504611988
2.8579400000000	-1.6152480323351
2.8579500000000	-1.5821651115248
2.8579600000000	-1.5530199706084
2.8579700000000	-1.5232513760073
2.8579800000000	-1.4928870419760
2.8579900000000	-1.4662158466595
2.8580000000000	-1.4389145729184
2.8580100000000	-1.4110091378476
2.8580200000000	-1.3865659757591
2.8580300000000	-1.3614918863907
2.8580400000000	-1.3358109865665
2.8580500000000	-1.3133752710646
2.8580600000000	-1.2903125665447
2.8580700000000	-1.2666452154864
2.8580800000000	-1.2460191339760
2.8580900000000	-1.2247739236744
2.8581000000000	-1.2029302015155
2.8581100000000	-1.1839366135889
2.8581200000000	-1.1643349161504
2.8581300000000	-1.1441440668686
2.8581400000000	-1.1266244514457
2.8581500000000	-1.1085102421154
2.8581600000000	-1.0898188162449
2.8581700000000	-1.0736313693896
2.8581800000000	-1.0568647701453
2.8581900000000	-1.0395349031033
2.8582000000000	-1.0245527918279
2.8582100000000	-1.0090084089289
2.8582200000000	-0.99291623884611
2.8582300000000	-0.97902601016227
2.8582400000000	-0.96459141817271
2.8582500000000	-0.94962564207757
2.8582600000000	-0.93672578236596
2.8582700000000	-0.92330014992222
2.8582800000000	-0.90936071365013
2.8582900000000	-0.89736035063277
2.8583000000000	-0.88485320064782
2.8583100000000	-0.87185011553430
2.8583200000000	-0.86066785347674
2.8583300000000	-0.84899794898425
2.8583400000000	-0.83685022705346
2.8583500000000	-0.82641310492595
2.8583600000000	-0.81550745096509
2.8583700000000	-0.80414214958542
2.8583800000000	-0.79438471165590
2.8583900000000	-0.78417766333677
2.8584000000000	-0.77352903012784
2.8584100000000	-0.76439249857115
2.8584200000000	-0.75482496560144
2.8584300000000	-0.74483367448719
2.8584400000000	-0.73626521399475
2.8584500000000	-0.72728395230779
2.8584600000000	-0.71789642196866
2.8584700000000	-0.70984848693026
2.8584800000000	-0.70140546860200
2.8584900000000	-0.69257325507761
2.8585000000000	-0.68500301057144
2.8585100000000	-0.67705486381822
2.8585200000000	-0.66873411959021
2.8585300000000	-0.66160292814383
2.8585400000000	-0.65411043988523
2.8585500000000	-0.64626143239290
2.8585600000000	-0.63953439919649
2.8585700000000	-0.63246207331119
2.8585800000000	-0.62504875646574
2.8585900000000	-0.61869432644030
2.8586000000000	-0.61200999152191
2.8586100000000	-0.60499962441088
2.8586200000000	-0.59898922519308
2.8586300000000	-0.59266368622944
2.8586400000000	-0.58602649376317
2.8586500000000	-0.58033421931335
2.8586600000000	-0.57434094829221
2.8586700000000	-0.56804981910218
2.8586800000000	-0.56265214921470
2.8586900000000	-0.55696701020839
2.8587000000000	-0.55099722760068
2.8587100000000	-0.54587277912364
2.8587200000000	-0.54047378388930
2.8587300000000	-0.53480278611652
2.8587400000000	-0.52993209217359
2.8587500000000	-0.52479918275983
2.8587600000000	-0.51940634929051
2.8587700000000	-0.51477166322275
2.8587800000000	-0.50988651846431
2.8587900000000	-0.50475297930249
2.8588000000000	-0.50033810043483
2.8588100000000	-0.49568396359003
2.8588200000000	-0.49079242903431
2.8588300000000	-0.48658254771249
2.8588400000000	-0.48214407280536
2.8588500000000	-0.47747868133409
2.8588600000000	-0.47346024098357
2.8588700000000	-0.46922335570764
2.8588800000000	-0.46476953794926
2.8588900000000	-0.46093011217374
2.8589000000000	-0.45688189546123
2.8589100000000	-0.45262625243712
2.8589200000000	-0.44895443541301
2.8589300000000	-0.44508300799959
2.8589400000000	-0.44101320204366
2.8589500000000	-0.43749851067746
2.8589600000000	-0.43379293718612
2.8589700000000	-0.42989759413006
2.8589800000000	-0.42653038062485
2.8589900000000	-0.42298058187154
2.8590000000000	-0.41924920324381
2.8590100000000	-0.41602057688779
2.8590200000000	-0.41261725126118
2.8590300000000	-0.40904013539850
2.8590400000000	-0.40594189252801
2.8590500000000	-0.40267644542979
2.8590600000000	-0.39924461652333
2.8590700000000	-0.39626917773811
2.8590800000000	-0.39313365819211
2.8590900000000	-0.38983880240731
2.8591000000000	-0.38697915622521
2.8591100000000	-0.38396619986585
2.8591200000000	-0.38080060776763
2.8591300000000	-0.37805026000253
2.8591400000000	-0.37515303774523
2.8591500000000	-0.37210955235608
2.8591600000000	-0.36946248058659
2.8591700000000	-0.36667465236377
2.8591800000000	-0.36374662225133
2.8591900000000	-0.36119723482213
2.8592000000000	-0.35851290784027
2.8592100000000	-0.35569414470432
2.8592200000000	-0.35323724376849
2.8592300000000	-0.35065093480157
2.8592400000000	-0.34793567508929
2.8592500000000	-0.34556642325359
2.8592600000000	-0.34307302454695
2.8592700000000	-0.34045589467521
2.8592800000000	-0.33816978486479
2.8592900000000	-0.33576453327012
2.8593000000000	-0.33324051808474
2.8593100000000	-0.33103334628457
2.8593200000000	-0.32871179528752
2.8593300000000	-0.32627620942634
2.8593400000000	-0.32414404999765
2.8593500000000	-0.32190204434132
2.8593600000000	-0.31955050620893
2.8593700000000	-0.31748968951149
2.8593800000000	-0.31532334214868
2.8593900000000	-0.31305175023694
2.8594000000000	-0.31105884231978
2.8594100000000	-0.30896451345843
2.8594200000000	-0.30676902478223
2.8594300000000	-0.30484080893020
2.8594400000000	-0.30281508696073
2.8594500000000	-0.30069209739704
2.8594600000000	-0.29882555734544
2.8594700000000	-0.29686524146329
2.8594800000000	-0.29481136780922
2.8594900000000	-0.29300367245913
2.8595000000000	-0.29110575681418
2.8595100000000	-0.28911782039573
2.8595200000000	-0.28736630987984
2.8595300000000	-0.28552796910366
2.8595400000000	-0.28360298078730
2.8595500000000	-0.28190515375338
2.8595600000000	-0.28012372973141
2.8595700000000	-0.27825887620338
2.8595800000000	-0.27661237819712
2.8595900000000	-0.27488536796492
2.8596000000000	-0.27307799915956
2.8596100000000	-0.27148061199938
2.8596200000000	-0.26980565665705
2.8596300000000	-0.26805327422702
2.8596400000000	-0.26650290627621
2.8596500000000	-0.26487778082463
2.8596600000000	-0.26317802755463
2.8596700000000	-0.26167270480608
2.8596800000000	-0.26009530881906
2.8596900000000	-0.25844595889887
2.8597000000000	-0.25698381679550
2.8597100000000	-0.25545216585061
2.8597200000000	-0.25385111592723
2.8597300000000	-0.25243039184969
2.8597400000000	-0.25094260964816
2.8597500000000	-0.24938787058804
2.8597600000000	-0.24800689694916
2.8597700000000	-0.24656120806280
2.8597800000000	-0.24505089736046
2.8597900000000	-0.24370809524950
2.8598000000000	-0.24230281843746
2.8598100000000	-0.24083515321346
2.8598200000000	-0.23952902654181
2.8598300000000	-0.23816256858805
2.8598400000000	-0.23673585912432
2.8598500000000	-0.23546498922771
2.8598600000000	-0.23413583925178
2.8598700000000	-0.23274848301823
2.8598800000000	-0.23151152367436
2.8598900000000	-0.23021824787513
2.8599000000000	-0.22886872400555
2.8599100000000	-0.22766439683135
2.8599200000000	-0.22640563362621
2.8599300000000	-0.22509249780402
2.8599400000000	-0.22391958799954
2.8599500000000	-0.22269404352511
2.8599600000000	-0.22141592324616
2.8599700000000	-0.22027327565517
2.8599800000000	-0.21907971959905
2.8599900000000	-0.21783530977850
2.8600000000000	-0.21672182523879
