#Parameters = {n=0.01; f0=2856000000; lambda=0.10496934803922; l=0.0010496934803922; LL=0.15}
#"Frequency / GHz"	"S1,1 (15) [Magnitude in dB]"
#-----------------------------------------------
2.8500000000000	-0.27007486015076
2.8500100000000	-0.27237914978312
2.8500200000000	-0.27461902451729
2.8500300000000	-0.27679410793454
2.8500400000000	-0.27921136505456
2.8500500000000	-0.28156175301868
2.8500600000000	-0.28384486380554
2.8500700000000	-0.28638377164096
2.8500800000000	-0.28885326929884
2.8500900000000	-0.29125291452793
2.8501000000000	-0.29392306568243
2.8501100000000	-0.29652118196364
2.8501200000000	-0.29904678411090
2.8501300000000	-0.30185880014273
2.8501400000000	-0.30459607798868
2.8501500000000	-0.30725809846448
2.8501600000000	-0.31022376826301
2.8501700000000	-0.31311192550659
2.8501800000000	-0.31592200807036
2.8501900000000	-0.31905444845679
2.8502000000000	-0.32210654160136
2.8502100000000	-0.32507767936225
2.8502200000000	-0.32839152204717
2.8502300000000	-0.33162213724121
2.8502400000000	-0.33476886772372
2.8502500000000	-0.33828047762137
2.8502600000000	-0.34170595405340
2.8502700000000	-0.34504458777167
2.8502800000000	-0.34877231874994
2.8502900000000	-0.35241101081040
2.8503000000000	-0.35595989998454
2.8503100000000	-0.35992439545833
2.8503200000000	-0.36379698142615
2.8503300000000	-0.36757683696188
2.8503400000000	-0.37180138439857
2.8503500000000	-0.37593123116273
2.8503600000000	-0.37996549786527
2.8503700000000	-0.38447644833220
2.8503800000000	-0.38889004384614
2.8503900000000	-0.39320534615920
2.8504000000000	-0.39803261264874
2.8504100000000	-0.40276008057588
2.8504200000000	-0.40738675406340
2.8504300000000	-0.41256440558139
2.8504400000000	-0.41764012004829
2.8504500000000	-0.42261284751835
2.8504600000000	-0.42817982005199
2.8504700000000	-0.43364314283402
2.8504800000000	-0.43900171868966
2.8504900000000	-0.44500266939689
2.8505000000000	-0.45089883742036
2.8505100000000	-0.45668908977331
2.8505200000000	-0.46317542738322
2.8505300000000	-0.46955662556672
2.8505400000000	-0.47583153326542
2.8505500000000	-0.48286266619137
2.8505600000000	-0.48978932974668
2.8505700000000	-0.49661038123234
2.8505800000000	-0.50425523579428
2.8505900000000	-0.51179763782232
2.8506000000000	-0.51923649130557
2.8506100000000	-0.52757536650976
2.8506200000000	-0.53581556183862
2.8506300000000	-0.54395608254227
2.8506400000000	-0.55308292597830
2.8506500000000	-0.56211714172431
2.8506600000000	-0.57105791300089
2.8506700000000	-0.58108312592721
2.8506800000000	-0.59102471464138
2.8506900000000	-0.60088214718098
2.8507000000000	-0.61193605735725
2.8507100000000	-0.62291916160629
2.8507200000000	-0.63383136064964
2.8507300000000	-0.64606854118433
2.8507400000000	-0.65825266145271
2.8507500000000	-0.67038425853982
2.8507600000000	-0.68398892273456
2.8507700000000	-0.69756463661815
2.8507800000000	-0.71111285328300
2.8507900000000	-0.72630562281448
2.8508000000000	-0.74150177664967
2.8508100000000	-0.75670406693141
2.8508200000000	-0.77375049829031
2.8508300000000	-0.79084328750734
2.8508400000000	-0.80798700951742
2.8508500000000	-0.82720837697195
2.8508600000000	-0.84653285456997
2.8508700000000	-0.86596755514179
2.8508800000000	-0.88775453412416
2.8508900000000	-0.90971924463965
2.8509000000000	-0.93187231238130
2.8509100000000	-0.95670239172396
2.8509200000000	-0.98180802761122
2.8509300000000	-1.0072046854601
2.8509400000000	-1.0356643659531
2.8509500000000	-1.0645275894884
2.8509600000000	-1.0938164623280
2.8509700000000	-1.1266295731144
2.8509800000000	-1.1600134383051
2.8509900000000	-1.1939992404852
2.8510000000000	-1.2320630128510
2.8510100000000	-1.2709157423473
2.8510200000000	-1.3106009618091
2.8510300000000	-1.3550318049444
2.8510400000000	-1.4005359785183
2.8510500000000	-1.4471737276632
2.8510600000000	-1.4993648644906
2.8510700000000	-1.5529992479872
2.8510800000000	-1.6081595697940
2.8510900000000	-1.6698526260720
2.8511000000000	-1.7334686836966
2.8511100000000	-1.7991202662459
2.8511200000000	-1.8724921954306
2.8511300000000	-1.9484063395058
2.8511400000000	-2.0270142686534
2.8511500000000	-2.1147789514658
2.8511600000000	-2.2058789690640
2.8511700000000	-2.3005158537328
2.8511800000000	-2.4060350945151
2.8511900000000	-2.5158934713826
2.8512000000000	-2.6303542515256
2.8512100000000	-2.7577435163603
2.8512200000000	-2.8907189499046
2.8512300000000	-3.0296158359513
2.8512400000000	-3.1838120839699
2.8512500000000	-3.3450986992537
2.8512600000000	-3.5138863803411
2.8512700000000	-3.7006116895218
2.8512800000000	-3.8961546689317
2.8512900000000	-4.1009863679203
2.8513000000000	-4.3264778904973
2.8513100000000	-4.5625967805078
2.8513200000000	-4.8098163458386
2.8513300000000	-5.0800710289417
2.8513400000000	-5.3624799676352
2.8513500000000	-5.6573651878157
2.8513600000000	-5.9764049944720
2.8513700000000	-6.3080162081729
2.8513800000000	-6.6520124411845
2.8513900000000	-7.0182153682208
2.8514000000000	-7.3945667420951
2.8514100000000	-7.7796286931205
2.8514200000000	-8.1785533947197
2.8514300000000	-8.5791853081917
2.8514400000000	-8.9776342909280
2.8514500000000	-9.3704097428472
2.8514600000000	-9.7465311442487
2.8514700000000	-10.099062403606
2.8514800000000	-10.413390627186
2.8514900000000	-10.684523216729
2.8515000000000	-10.906007458871
2.8515100000000	-11.057227226395
2.8515200000000	-11.148320598001
2.8515300000000	-11.180596386350
2.8515400000000	-11.137629047419
2.8515500000000	-11.045912325022
2.8515600000000	-10.913743810968
2.8515700000000	-10.730218027039
2.8515800000000	-10.525343426621
2.8515900000000	-10.306503331970
2.8516000000000	-10.064394336541
2.8516100000000	-9.8223668858812
2.8516200000000	-9.5838518238474
2.8516300000000	-9.3404666033719
2.8516400000000	-9.1074142233588
2.8516500000000	-8.8853751865033
2.8516600000000	-8.6677736220399
2.8516700000000	-8.4635146424016
2.8516800000000	-8.2720601037456
2.8516900000000	-8.0890815447732
2.8517000000000	-7.9191292926893
2.8517100000000	-7.7613009720729
2.8517200000000	-7.6134175802734
2.8517300000000	-7.4770617434182
2.8517400000000	-7.3513300163112
2.8517500000000	-7.2358678518626
2.8517600000000	-7.1302083447711
2.8517700000000	-7.0335711179774
2.8517800000000	-6.9470666140742
2.8517900000000	-6.8687873390262
2.8518000000000	-6.7981008463029
2.8518100000000	-6.7372623953518
2.8518200000000	-6.6833384871202
2.8518300000000	-6.6358334338505
2.8518400000000	-6.5978825976777
2.8518500000000	-6.5658191752530
2.8518600000000	-6.5392632630224
2.8518700000000	-6.5220155821977
2.8518800000000	-6.5098921648718
2.8518900000000	-6.5026082473125
2.8519000000000	-6.5044534868373
2.8519100000000	-6.5108954965017
2.8519200000000	-6.5217278203225
2.8519300000000	-6.5415788185933
2.8519400000000	-6.5657086745497
2.8519500000000	-6.5939771007505
2.8519600000000	-6.6312161521264
2.8519700000000	-6.6726058300315
2.8519800000000	-6.7180645470273
2.8519900000000	-6.7724985917803
2.8520000000000	-6.8311320535053
2.8520100000000	-6.8939390237034
2.8520200000000	-6.9657673074216
2.8520300000000	-7.0420154117983
2.8520400000000	-7.1227143936441
2.8520500000000	-7.2125090657322
2.8520600000000	-7.3071171358718
2.8520700000000	-7.4066322735590
2.8520800000000	-7.5153310147081
2.8520900000000	-7.6294181150558
2.8521000000000	-7.7490601436594
2.8521100000000	-7.8779689772130
2.8521200000000	-8.0130369652485
2.8521300000000	-8.1545189759110
2.8521400000000	-8.3053220189645
2.8521500000000	-8.4632706373201
2.8521600000000	-8.6287290313370
2.8521700000000	-8.8034975232305
2.8521800000000	-8.9866362940960
2.8521900000000	-9.1786456692734
2.8522000000000	-9.3798322091865
2.8522100000000	-9.5908709788853
2.8522200000000	-9.8124294964286
2.8522300000000	-10.042811034702
2.8522400000000	-10.284782480056
2.8522500000000	-10.539207606688
2.8522600000000	-10.801697365217
2.8522700000000	-11.077707076151
2.8522800000000	-11.368304644400
2.8522900000000	-11.665448097767
2.8523000000000	-11.978009267183
2.8523100000000	-12.307194998681
2.8523200000000	-12.639929792792
2.8523300000000	-12.989330773473
2.8523400000000	-13.356477469746
2.8523500000000	-13.721240290903
2.8523600000000	-14.101765850851
2.8523700000000	-14.498268568546
2.8523800000000	-14.880706116152
2.8523900000000	-15.272657015194
2.8524000000000	-15.671911990041
2.8524100000000	-16.035311396207
2.8524200000000	-16.391657712797
2.8524300000000	-16.734479472374
2.8524400000000	-17.007451503029
2.8524500000000	-17.245169252713
2.8524600000000	-17.438704998009
2.8524700000000	-17.529561512751
2.8524800000000	-17.561407670267
2.8524900000000	-17.531267246398
2.8525000000000	-17.397625379717
2.8525100000000	-17.210270954604
2.8525200000000	-16.974810237837
2.8525300000000	-16.671077428550
2.8525400000000	-16.340045807088
2.8525500000000	-15.988254260370
2.8525600000000	-15.607842385007
2.8525700000000	-15.222565543537
2.8525800000000	-14.835816776349
2.8525900000000	-14.445966381284
2.8526000000000	-14.062349635343
2.8526100000000	-13.685952341691
2.8526200000000	-13.319120891831
2.8526300000000	-12.962127392964
2.8526400000000	-12.614887259931
2.8526500000000	-12.282519608216
2.8526600000000	-11.960173472329
2.8526700000000	-11.647432570842
2.8526800000000	-11.351260568180
2.8526900000000	-11.064049366145
2.8527000000000	-10.785350216764
2.8527100000000	-10.523253907082
2.8527200000000	-10.268752109915
2.8527300000000	-10.021460259037
2.8527400000000	-9.7900762176167
2.8527500000000	-9.5649718170154
2.8527600000000	-9.3458449462796
2.8527700000000	-9.1416408899843
2.8527800000000	-8.9425665481586
2.8527900000000	-8.7483943467553
2.8528000000000	-8.5680761346669
2.8528100000000	-8.3919211428920
2.8528200000000	-8.2197620404611
2.8528300000000	-8.0604004853784
2.8528400000000	-7.9044038590991
2.8528500000000	-7.7516512271981
2.8528600000000	-7.6106956484069
2.8528700000000	-7.4724503731473
2.8528800000000	-7.3368293722654
2.8528900000000	-7.2120788228772
2.8529000000000	-7.0895029761782
2.8529100000000	-6.9690417429004
2.8529200000000	-6.8586036005922
2.8529300000000	-6.7499018878887
2.8529400000000	-6.6428956554659
2.8529500000000	-6.5451435643110
2.8529600000000	-6.4487688454899
2.8529700000000	-6.3537445996701
2.8529800000000	-6.2672801776144
2.8529900000000	-6.1818985215166
2.8530000000000	-6.0975829941830
2.8530100000000	-6.0212025336209
2.8530200000000	-5.9456627688977
2.8530300000000	-5.8709545120325
2.8530400000000	-5.8036206190880
2.8530500000000	-5.7369283058818
2.8530600000000	-5.6708737455227
2.8530700000000	-5.6116914052265
2.8530800000000	-5.5529867750943
2.8530900000000	-5.4947598390185
2.8531000000000	-5.4429562819142
2.8531100000000	-5.3914956007046
2.8531200000000	-5.3403804391583
2.8531300000000	-5.2952882109223
2.8531400000000	-5.2504280409189
2.8531500000000	-5.2058043791377
2.8531600000000	-5.1668470875497
2.8531700000000	-5.1280309864514
2.8531800000000	-5.0893617003095
2.8531900000000	-5.0560419951532
2.8532000000000	-5.0227892585479
2.8532100000000	-4.9896098238886
2.8532200000000	-4.9614992407259
2.8532300000000	-4.9333953592430
2.8532400000000	-4.9053048810581
2.8532500000000	-4.8820352444278
2.8532600000000	-4.8587238025676
2.8532700000000	-4.8353773786935
2.8532800000000	-4.8166335141054
2.8532900000000	-4.7978093045999
2.8533000000000	-4.7789115194481
2.8533100000000	-4.7644251971273
2.8533200000000	-4.7498284930948
2.8533300000000	-4.7351280009668
2.8533400000000	-4.7246722931146
2.8533500000000	-4.7140834737259
2.8533600000000	-4.7033678799846
2.8533700000000	-4.6967530831653
2.8533800000000	-4.6899887778256
2.8533900000000	-4.6830809950780
2.8534000000000	-4.6801507067846
2.8534100000000	-4.6770600547117
2.8534200000000	-4.6738147380642
2.8534300000000	-4.6744426350804
2.8534400000000	-4.6749042158060
2.8534500000000	-4.6752048399727
2.8534600000000	-4.6792919462561
2.8534700000000	-4.6832111745308
2.8534800000000	-4.6869675516006
2.8534900000000	-4.6944399258259
2.8535000000000	-4.7017468457461
2.8535100000000	-4.7088930227789
2.8535200000000	-4.7196998064772
2.8535300000000	-4.7303472295352
2.8535400000000	-4.7408397142093
2.8535500000000	-4.7549514903990
2.8535600000000	-4.7689134304016
2.8535700000000	-4.7827297005249
2.8535800000000	-4.8001371202048
2.8535900000000	-4.8174074849069
2.8536000000000	-4.8345447439791
2.8536100000000	-4.8552573841155
2.8536200000000	-4.8758488892446
2.8536300000000	-4.8963230356811
2.8536400000000	-4.9203684576145
2.8536500000000	-4.9443117338886
2.8536600000000	-4.9681565161160
2.8536700000000	-4.9955794978344
2.8536800000000	-5.0229223658348
2.8536900000000	-5.0501886994923
2.8537000000000	-5.0810506191099
2.8537100000000	-5.1118575105725
2.8537200000000	-5.1426129375523
2.8537300000000	-5.1769912888282
2.8537400000000	-5.2113427962425
2.8537500000000	-5.2456710685002
2.8537600000000	-5.2836590923307
2.8537700000000	-5.3216516317597
2.8537800000000	-5.3596524058007
2.8537900000000	-5.4013588246344
2.8538000000000	-5.4431043996256
2.8538100000000	-5.4848930304301
2.8538200000000	-5.5304418754167
2.8538300000000	-5.5760679327391
2.8538400000000	-5.6217753588359
2.8538500000000	-5.6713058825198
2.8538600000000	-5.7209552534845
2.8538700000000	-5.7707279678990
2.8538800000000	-5.8243946384171
2.8538900000000	-5.8782255628107
2.8539000000000	-5.9322256680148
2.8539100000000	-5.9901982442477
2.8539200000000	-6.0483844774706
2.8539300000000	-6.1067898261394
2.8539400000000	-6.1692535172088
2.8539500000000	-6.2319845253500
2.8539600000000	-6.2949889531099
2.8539700000000	-6.3621446700782
2.8539800000000	-6.4296259223845
2.8539900000000	-6.4974395836433
2.8540000000000	-6.5695042966052
2.8540100000000	-6.6419576703484
2.8540200000000	-6.7148074941703
2.8540300000000	-6.7920147139358
2.8540400000000	-6.8696790330818
2.8540500000000	-6.9478093228847
2.8540600000000	-7.0304097337588
2.8540700000000	-7.1135414705181
2.8540800000000	-7.1972146794137
2.8540900000000	-7.2854769578106
2.8541000000000	-7.3743511349547
2.8541100000000	-7.4638488579384
2.8541200000000	-7.5580607215795
2.8541300000000	-7.6529720638631
2.8541400000000	-7.7485962991540
2.8541500000000	-7.8490658429781
2.8541600000000	-7.9503302383036
2.8541700000000	-8.0524049832170
2.8541800000000	-8.1594623717464
2.8541900000000	-8.2674187170223
2.8542000000000	-8.3762919790120
2.8542100000000	-8.4902915808513
2.8542200000000	-8.6053041045788
2.8542300000000	-8.7213504264591
2.8542400000000	-8.8426734953398
2.8542500000000	-8.9651346691222
2.8542600000000	-9.0887582890213
2.8542700000000	-9.2178163183533
2.8542800000000	-9.3481504936349
2.8542900000000	-9.4797892862941
2.8543000000000	-9.6170281908139
2.8543100000000	-9.7556961260121
2.8543200000000	-9.8958265033769
2.8543300000000	-10.041731813715
2.8543400000000	-10.189236291729
2.8543500000000	-10.338379278446
2.8543600000000	-10.493482572999
2.8543700000000	-10.650375351056
2.8543800000000	-10.809104096239
2.8543900000000	-10.973990940925
2.8544000000000	-11.140881324504
2.8544100000000	-11.309830365221
2.8544200000000	-11.485150085657
2.8544300000000	-11.662715476814
2.8544400000000	-11.842592132016
2.8544500000000	-12.029069803595
2.8544600000000	-12.218068638521
2.8544700000000	-12.409666980752
2.8544800000000	-12.608118084580
2.8544900000000	-12.809405639578
2.8545000000000	-13.013623557664
2.8545100000000	-13.224971800255
2.8545200000000	-13.439519390761
2.8545300000000	-13.657379295158
2.8545400000000	-13.882678094603
2.8545500000000	-14.111596176188
2.8545600000000	-14.344269856624
2.8545700000000	-14.584727882757
2.8545800000000	-14.829293391682
2.8545900000000	-15.078131293520
2.8546000000000	-15.335142054076
2.8546100000000	-15.596829792466
2.8546200000000	-15.863394271491
2.8546300000000	-16.138568711057
2.8546400000000	-16.419085241743
2.8546500000000	-16.705185615932
2.8546600000000	-17.000384283126
2.8546700000000	-17.301699677021
2.8546800000000	-17.609422862116
2.8546900000000	-17.926778743714
2.8547000000000	-18.251144472189
2.8547100000000	-18.582865882990
2.8547200000000	-18.924777217612
2.8547300000000	-19.274703114647
2.8547400000000	-19.633042498005
2.8547500000000	-20.002085400847
2.8547600000000	-20.380210984774
2.8547700000000	-20.767849600907
2.8547800000000	-21.166505571314
2.8547900000000	-21.575228158797
2.8548000000000	-21.994407296133
2.8548100000000	-22.424358911781
2.8548200000000	-22.864899575103
2.8548300000000	-23.316188516183
2.8548400000000	-23.776655930108
2.8548500000000	-24.246888287536
2.8548600000000	-24.726364955127
2.8548700000000	-25.210414312148
2.8548800000000	-25.700153793501
2.8548900000000	-26.193458988241
2.8549000000000	-26.680601622692
2.8549100000000	-27.162665082366
2.8549200000000	-27.634540886420
2.8549300000000	-28.079264976994
2.8549400000000	-28.497819670359
2.8549500000000	-28.881863853941
2.8549600000000	-29.208021298194
2.8549700000000	-29.480689826665
2.8549800000000	-29.693112994962
2.8549900000000	-29.823795539985
2.8550000000000	-29.887858029898
2.8550100000000	-29.887478824451
2.8550200000000	-29.811279111242
2.8550300000000	-29.684212768128
2.8550400000000	-29.514947575170
2.8550500000000	-29.298671565816
2.8550600000000	-29.059553656820
2.8550700000000	-28.805014922329
2.8550800000000	-28.530770211147
2.8550900000000	-28.254372685501
2.8551000000000	-27.979624308032
2.8551100000000	-27.701510635496
2.8551200000000	-27.431546155781
2.8551300000000	-27.171047225314
2.8551400000000	-26.914957673260
2.8551500000000	-26.670831754386
2.8551600000000	-26.438798117254
2.8551700000000	-26.214282682635
2.8551800000000	-26.002469381697
2.8551900000000	-25.803031095144
2.8552000000000	-25.612007986300
2.8552100000000	-25.433190152922
2.8552200000000	-25.266128043303
2.8552300000000	-25.107403033442
2.8552400000000	-24.959994785313
2.8552500000000	-24.823466637354
2.8552600000000	-24.694798511702
2.8552700000000	-24.576522240996
2.8552800000000	-24.468262213710
2.8552900000000	-24.367244669290
2.8553000000000	-24.275794389863
2.8553100000000	-24.193609121548
2.8553200000000	-24.118019933976
2.8553300000000	-24.051317047010
2.8553400000000	-23.993270304042
2.8553500000000	-23.941188655047
2.8553600000000	-23.897461293575
2.8553700000000	-23.861924699229
2.8553800000000	-23.831751193927
2.8553900000000	-23.809540315742
2.8554000000000	-23.795189321418
2.8554100000000	-23.785628080271
2.8554200000000	-23.783765878194
2.8554300000000	-23.789555938973
2.8554400000000	-23.799584624414
2.8554500000000	-23.817165064914
2.8554600000000	-23.842303165127
2.8554700000000	-23.871141852702
2.8554800000000	-23.907491626190
2.8554900000000	-23.951409406783
2.8555000000000	-23.998492552512
2.8555100000000	-24.053145573613
2.8555200000000	-24.115476340937
2.8555300000000	-24.180429164736
2.8555400000000	-24.253105499184
2.8555500000000	-24.333665656434
2.8555600000000	-24.416285012342
2.8555700000000	-24.506874153038
2.8555800000000	-24.605648872918
2.8555900000000	-24.705888185940
2.8556000000000	-24.814436236611
2.8556100000000	-24.931568930160
2.8556200000000	-25.049526626234
2.8556300000000	-25.176226850154
2.8556400000000	-25.312011927460
2.8556500000000	-25.447922779288
2.8556600000000	-25.593108988069
2.8556700000000	-25.747987442821
2.8556800000000	-25.902216325703
2.8556900000000	-26.066358666831
2.8557000000000	-26.240916114147
2.8557100000000	-26.413953801873
2.8557200000000	-26.597656658274
2.8557300000000	-26.792623634146
2.8557400000000	-26.985084506097
2.8557500000000	-27.189086502481
2.8557600000000	-27.405341167815
2.8557700000000	-27.617963144709
2.8557800000000	-27.843139789642
2.8557900000000	-28.081713829643
2.8558000000000	-28.315361696556
2.8558100000000	-28.562732205877
2.8558200000000	-28.824821960632
2.8558300000000	-29.080496792444
2.8558400000000	-29.351238528132
2.8558500000000	-29.638225713081
2.8558600000000	-29.917085881699
2.8558700000000	-30.212563186385
2.8558800000000	-30.526053681394
2.8558900000000	-30.829457507757
2.8559000000000	-31.151277215340
2.8559100000000	-31.493173143703
2.8559200000000	-31.822759975664
2.8559300000000	-32.172873736797
2.8559400000000	-32.545503516081
2.8559500000000	-32.903337223044
2.8559600000000	-33.284218372091
2.8559700000000	-33.690557699550
2.8559800000000	-34.079355069026
2.8559900000000	-34.494271685174
2.8560000000000	-34.938276421557
2.8560100000000	-35.361698892038
2.8560200000000	-35.815035749146
2.8560300000000	-36.302004191850
2.8560400000000	-36.764773340891
2.8560500000000	-37.262035302315
2.8560600000000	-37.798449641163
2.8560700000000	-38.305264555631
2.8560800000000	-38.851228550470
2.8560900000000	-39.441786007929
2.8561000000000	-39.991150818858
2.8561100000000	-40.580396329453
2.8561200000000	-41.213661681846
2.8561300000000	-41.773548256380
2.8561400000000	-42.354935517518
2.8561500000000	-42.952332243993
2.8561600000000	-43.388550518308
2.8561700000000	-43.776587336203
2.8561800000000	-44.094107417864
2.8561900000000	-44.141229559575
2.8562000000000	-44.062483123254
2.8562100000000	-43.753123065678
2.8562200000000	-43.202262894744
2.8562300000000	-42.589825245093
2.8562400000000	-41.943556270752
2.8562500000000	-41.118174257189
2.8562600000000	-40.323843006651
2.8562700000000	-39.565522965103
2.8562800000000	-38.715481146623
2.8562900000000	-37.924468812692
2.8563000000000	-37.186087014449
2.8563100000000	-36.391761729470
2.8563200000000	-35.655213952566
2.8563300000000	-34.968657093773
2.8563400000000	-34.241412799281
2.8563500000000	-33.564383782664
2.8563600000000	-32.930898871063
2.8563700000000	-32.264803183784
2.8563800000000	-31.641425291360
2.8563900000000	-31.055416687333
2.8564000000000	-30.442117293027
2.8564100000000	-29.865289026923
2.8564200000000	-29.320666597745
2.8564300000000	-28.752791839011
2.8564400000000	-28.216350965697
2.8564500000000	-27.707907569943
2.8564600000000	-27.179507533709
2.8564700000000	-26.678465451210
2.8564800000000	-26.201976804479
2.8564900000000	-25.708313806352
2.8565000000000	-25.238667023000
2.8565100000000	-24.790720404862
2.8565200000000	-24.327988082049
2.8565300000000	-23.886492133297
2.8565400000000	-23.464300789777
2.8565500000000	-23.029395082498
2.8565600000000	-22.613382449219
2.8565700000000	-22.214638487023
2.8565800000000	-21.804990064429
2.8565900000000	-21.412236637698
2.8566000000000	-21.035003205866
2.8566100000000	-20.648457700846
2.8566200000000	-20.277086707710
2.8566300000000	-19.919720064772
2.8566400000000	-19.554451780295
2.8566500000000	-19.202863970174
2.8566600000000	-18.863956444732
2.8566700000000	-18.518404799132
2.8566800000000	-18.185226534327
2.8566900000000	-17.863563741613
2.8567000000000	-17.536385157807
2.8567100000000	-17.220428714793
2.8567200000000	-16.914956515652
2.8567300000000	-16.604986949579
2.8567400000000	-16.305219268358
2.8567500000000	-16.015017486879
2.8567600000000	-15.721242448216
2.8567700000000	-15.436759858907
2.8567800000000	-15.161020799788
2.8567900000000	-14.882550789613
2.8568000000000	-14.612558085320
2.8568100000000	-14.350568559329
2.8568200000000	-14.086618541526
2.8568300000000	-13.830411311636
2.8568400000000	-13.581537313192
2.8568500000000	-13.331409287216
2.8568600000000	-13.088358783185
2.8568700000000	-12.852032250176
2.8568800000000	-12.615100292283
2.8568900000000	-12.384640335520
2.8569000000000	-12.160347613024
2.8569100000000	-11.936044955237
2.8569200000000	-11.717660558659
2.8569300000000	-11.504932317655
2.8569400000000	-11.292740171929
2.8569500000000	-11.085957655942
2.8569600000000	-10.884360105748
2.8569700000000	-10.683798035136
2.8569800000000	-10.488176493408
2.8569900000000	-10.297303784951
2.8570000000000	-10.107921486021
2.8570100000000	-9.9230455038910
2.8570200000000	-9.7425132565853
2.8570300000000	-9.5638836566671
2.8570400000000	-9.3893572134755
2.8570500000000	-9.2187971184708
2.8570600000000	-9.0505107119277
2.8570700000000	-8.8859522112681
2.8570800000000	-8.7250076697391
2.8570900000000	-8.5666680250583
2.8571000000000	-8.4117063984082
2.8571100000000	-8.2600291507091
2.8571200000000	-8.1112495174464
2.8571300000000	-7.9655213401717
2.8571400000000	-7.8227690319629
2.8571500000000	-7.6831699677637
2.8571600000000	-7.5463175149647
2.8571700000000	-7.4121521330583
2.8571800000000	-7.2813600590254
2.8571900000000	-7.1530302156628
2.8572000000000	-7.0271173126021
2.8572100000000	-6.9047638932080
2.8572200000000	-6.7846078203249
2.8572300000000	-6.6666164341768
2.8572400000000	-6.5523386682547
2.8572500000000	-6.4400121180156
2.8572600000000	-6.3296152852674
2.8572700000000	-6.2230561889110
2.8572800000000	-6.1182203560609
2.8572900000000	-6.0150961112042
2.8573000000000	-5.9159058731278
2.8573100000000	-5.8182286711260
2.8573200000000	-5.7220614282313
2.8573300000000	-5.6298989233272
2.8573400000000	-5.5390565792751
2.8573500000000	-5.4495387974440
2.8573600000000	-5.3640733546845
2.8573700000000	-5.2797522283025
2.8573800000000	-5.1965862746150
2.8573900000000	-5.1174996107107
2.8574000000000	-5.0393981579924
2.8574100000000	-4.9622982973251
2.8574200000000	-4.8892865461421
2.8574300000000	-4.8171173669611
2.8574400000000	-4.7458118266112
2.8574500000000	-4.6785876155602
2.8574600000000	-4.6120795454822
2.8574700000000	-4.5463126234073
2.8574800000000	-4.4846071706547
2.8574900000000	-4.4235073993230
2.8575000000000	-4.3630416066418
2.8575100000000	-4.3066068364042
2.8575200000000	-4.2506830579535
2.8575300000000	-4.1953013091303
2.8575400000000	-4.1439120059437
2.8575500000000	-4.0929546301398
2.8575600000000	-4.0424625173582
2.8575700000000	-3.9959185642606
2.8575800000000	-3.9497430410860
2.8575900000000	-3.9039712535852
2.8576000000000	-3.8621000238703
2.8576100000000	-3.8205493593061
2.8576200000000	-3.7793563340510
2.8576300000000	-3.7420153325672
2.8576400000000	-3.7049629006338
2.8576500000000	-3.6682378192815
2.8576600000000	-3.6353176987360
2.8576700000000	-3.6026704859784
2.8576800000000	-3.5703367662545
2.8576900000000	-3.5417648783153
2.8577000000000	-3.5134673338699
2.8577100000000	-3.4854868036250
2.8577200000000	-3.4612314865713
2.8577300000000	-3.4372701968549
2.8577400000000	-3.4136481893356
2.8577500000000	-3.3937240467754
2.8577600000000	-3.3741335119080
2.8577700000000	-3.3549251851993
2.8577800000000	-3.3393996781910
2.8577900000000	-3.3242695425719
2.8578000000000	-3.3095878098318
2.8578100000000	-3.2985895728413
2.8578200000000	-3.2880737601842
2.8578300000000	-3.2780993264639
2.8578400000000	-3.2718287323556
2.8578500000000	-3.2661570632002
2.8578600000000	-3.2611512070810
2.8578700000000	-3.2598938550778
2.8578800000000	-3.2593868899622
2.8578900000000	-3.2597078120695
2.8579000000000	-3.2638518027815
2.8579100000000	-3.2689398644982
2.8579200000000	-3.2750636578105
2.8579300000000	-3.2851217561445
2.8579400000000	-3.2963693437081
2.8579500000000	-3.3089169246654
2.8579600000000	-3.3255549913961
2.8579700000000	-3.3436920990298
2.8579800000000	-3.3634637605864
2.8579900000000	-3.3875371311892
2.8580000000000	-3.4134992907865
2.8580100000000	-3.4415188466841
2.8580200000000	-3.4741182754129
2.8580300000000	-3.5090970359957
2.8580400000000	-3.5466673568983
2.8580500000000	-3.5891778718546
2.8580600000000	-3.6346850752633
2.8580700000000	-3.6834583366667
2.8580800000000	-3.7376292927882
2.8580900000000	-3.7955729159400
2.8581000000000	-3.8576326114927
2.8581100000000	-3.9256603222407
2.8581200000000	-3.9984319434352
2.8581300000000	-4.0763849045909
2.8581400000000	-4.1609982761527
2.8581500000000	-4.2515588361880
2.8581600000000	-4.3486189271494
2.8581700000000	-4.4531438038320
2.8581800000000	-4.5650743460438
2.8581900000000	-4.6850925324649
2.8582000000000	-4.8134322204530
2.8582100000000	-4.9508659797446
2.8582200000000	-5.0981951696098
2.8582300000000	-5.2545786303238
2.8582400000000	-5.4218180802361
2.8582500000000	-5.6007531284153
2.8582600000000	-5.7889129429021
2.8582700000000	-5.9892899441277
2.8582800000000	-6.2025061600900
2.8582900000000	-6.4235569230237
2.8583000000000	-6.6566054742622
2.8583100000000	-6.9014211227550
2.8583200000000	-7.1490433614266
2.8583300000000	-7.4043337177549
2.8583400000000	-7.6649348765681
2.8583500000000	-7.9160912297058
2.8583600000000	-8.1622969344761
2.8583700000000	-8.3974683441765
2.8583800000000	-8.6004140872561
2.8583900000000	-8.7748701820685
2.8584000000000	-8.9118466948444
2.8584100000000	-8.9890119368218
2.8584200000000	-9.0129131777090
2.8584300000000	-8.9785904783352
2.8584400000000	-8.8746802193164
2.8584500000000	-8.7146511921582
2.8584600000000	-8.5029332726116
2.8584700000000	-8.2431888723766
2.8584800000000	-7.9497561490158
2.8584900000000	-7.6307184557543
2.8585000000000	-7.2963347964121
2.8585100000000	-6.9535418223907
2.8585200000000	-6.6078780388172
2.8585300000000	-6.2696961846926
2.8585400000000	-5.9380062035337
2.8585500000000	-5.6151694670718
2.8585600000000	-5.3102211414727
2.8585700000000	-5.0174253058847
2.8585800000000	-4.7372883509378
2.8585900000000	-4.4777218959681
2.8586000000000	-4.2309949743793
2.8586100000000	-3.9968129719512
2.8586200000000	-3.7822280911227
2.8586300000000	-3.5791053757976
2.8586400000000	-3.3868978165903
2.8586500000000	-3.2119409549100
2.8586600000000	-3.0464691657131
2.8586700000000	-2.8899223486013
2.8586800000000	-2.7479973616729
2.8586900000000	-2.6136150326601
2.8587000000000	-2.4862898469471
2.8587100000000	-2.3711368342861
2.8587200000000	-2.2618486146454
2.8587300000000	-2.1580347167510
2.8587400000000	-2.0642807261389
2.8587500000000	-1.9750273376568
2.8587600000000	-1.8899727700359
2.8587700000000	-1.8132248782190
2.8587800000000	-1.7399034144401
2.8587900000000	-1.6697803839878
2.8588000000000	-1.6065364319164
2.8588100000000	-1.5458878013909
2.8588200000000	-1.4876645284910
2.8588300000000	-1.4351680001970
2.8588400000000	-1.3846297203454
2.8588500000000	-1.3359239812235
2.8588600000000	-1.2920171961669
2.8588700000000	-1.2495824674629
2.8588800000000	-1.2085272526752
2.8588900000000	-1.1715230154452
2.8589000000000	-1.1356203119164
2.8589100000000	-1.1007512089421
2.8589200000000	-1.0693278253017
2.8589300000000	-1.0387234932219
2.8589400000000	-1.0088884442402
2.8589500000000	-0.98200677637467
2.8589600000000	-0.95572849807509
2.8589700000000	-0.93001721641613
2.8589800000000	-0.90685636329683
2.8589900000000	-0.88413394622394
2.8590000000000	-0.86182341477031
2.8590100000000	-0.84173131324176
2.8590200000000	-0.82195123788880
2.8590300000000	-0.80246388335717
2.8590400000000	-0.78491952478611
2.8590500000000	-0.76759015824313
2.8590600000000	-0.75046181576847
2.8590700000000	-0.73504636516894
2.8590800000000	-0.71977133494667
2.8590900000000	-0.70462669266180
2.8591000000000	-0.69100137635872
2.8591100000000	-0.67745914715076
2.8591200000000	-0.66399287637298
2.8591300000000	-0.65188199868966
2.8591400000000	-0.63981015308793
2.8591500000000	-0.62777235378444
2.8591600000000	-0.61695019922690
2.8591700000000	-0.60613328680056
2.8591800000000	-0.59531821117334
2.8591900000000	-0.58559889509973
2.8592000000000	-0.57585899410233
2.8592100000000	-0.56609626660419
2.8592200000000	-0.55732583014984
2.8592300000000	-0.54851517813327
2.8592400000000	-0.53966292335605
2.8592500000000	-0.53171314329063
2.8592600000000	-0.52370835213318
2.8592700000000	-0.51564778694438
2.8592800000000	-0.50841130191239
2.8592900000000	-0.50110879181300
2.8593000000000	-0.49373994656039
2.8593100000000	-0.48712639870583
2.8593200000000	-0.48043877460790
2.8593300000000	-0.47367708925953
2.8593400000000	-0.46761005305950
2.8593500000000	-0.46146321343934
2.8593600000000	-0.45523681521358
2.8593700000000	-0.44965133979811
2.8593800000000	-0.44398215753004
2.8593900000000	-0.43822967208469
2.8594000000000	-0.43307030416556
2.8594100000000	-0.42782475659096
2.8594200000000	-0.42249353913646
2.8594300000000	-0.41771272441082
2.8594400000000	-0.41284437795677
2.8594500000000	-0.40788907654820
2.8594600000000	-0.40344586068433
2.8594700000000	-0.39891463675438
2.8594800000000	-0.39429601969468
2.8594900000000	-0.39015498765530
2.8595000000000	-0.38592615277836
2.8595100000000	-0.38161014705172
2.8595200000000	-0.37774055296597
2.8595300000000	-0.37378388862358
2.8595400000000	-0.36974078776930
2.8595500000000	-0.36611583788660
2.8595600000000	-0.36240495499183
2.8595700000000	-0.35860876366537
2.8595800000000	-0.35520502286992
2.8595900000000	-0.35171679323615
2.8596000000000	-0.34814468254764
2.8596100000000	-0.34494158105767
2.8596200000000	-0.34165566391807
2.8596300000000	-0.33828751694971
2.8596400000000	-0.33526693861170
2.8596500000000	-0.33216538470020
2.8596600000000	-0.32898341574934
2.8596700000000	-0.32612935307111
2.8596800000000	-0.32319627226360
2.8596900000000	-0.32018470662051
2.8597000000000	-0.31748297061915
2.8597100000000	-0.31470425187573
2.8597200000000	-0.31184905550079
2.8597300000000	-0.30928703075291
2.8597400000000	-0.30665010526775
2.8597500000000	-0.30393875576805
2.8597600000000	-0.30150519288376
2.8597700000000	-0.29899883306875
2.8597800000000	-0.29642012498545
2.8597900000000	-0.29410496417840
2.8598000000000	-0.29171911247476
2.8598100000000	-0.28926299118058
2.8598200000000	-0.28705721177534
2.8598300000000	-0.28478283438709
2.8598400000000	-0.28244025392564
2.8598500000000	-0.28033574557438
2.8598600000000	-0.27816470709301
2.8598700000000	-0.27592750812393
2.8598800000000	-0.27391696025485
2.8598900000000	-0.27184191585993
2.8599000000000	-0.26970272054525
2.8599100000000	-0.26777952717495
2.8599200000000	-0.26579382966801
2.8599300000000	-0.26374595087720
2.8599400000000	-0.26190412841107
2.8599500000000	-0.26000174780848
2.8599600000000	-0.25803911046818
2.8599700000000	-0.25627322651466
2.8599800000000	-0.25444868030704
2.8599900000000	-0.25256575307887
2.8600000000000	-0.25087086463125
