#Parameters = {n=0.01; f0=2856000000; lambda=0.10496934803922; l=0.0010496934803922; LL=0.16}
#"Frequency / GHz"	"S1,1 (16) [Magnitude in dB]"
#-----------------------------------------------
2.8500000000000	-0.51540811626024
2.8500100000000	-0.52941195580535
2.8500200000000	-0.54390828438173
2.8500300000000	-0.55893003996591
2.8500400000000	-0.57537315148650
2.8500500000000	-0.59245871503755
2.8500600000000	-0.61023132262875
2.8500700000000	-0.62971596361778
2.8500800000000	-0.65004227745701
2.8500900000000	-0.67127105744506
2.8501000000000	-0.69458543435632
2.8501100000000	-0.71900819113054
2.8501200000000	-0.74462275410521
2.8501300000000	-0.77280780027457
2.8501400000000	-0.80246083480004
2.8501500000000	-0.83369696670566
2.8501600000000	-0.86813861631339
2.8501700000000	-0.90453591176932
2.8501800000000	-0.94304817553060
2.8501900000000	-0.98560334918619
2.8502000000000	-1.0307774220098
2.8502100000000	-1.0787906483602
2.8502200000000	-1.1319541979734
2.8502300000000	-1.1886366529203
2.8502400000000	-1.2491396975426
2.8502500000000	-1.3162509616163
2.8502600000000	-1.3880876615638
2.8502700000000	-1.4650529460426
2.8502800000000	-1.5505103665025
2.8502900000000	-1.6422607124364
2.8503000000000	-1.7408130628116
2.8503100000000	-1.8501794170211
2.8503200000000	-1.9677319234644
2.8503300000000	-2.0940320302114
2.8503400000000	-2.2336955450088
2.8503500000000	-2.3834454084093
2.8503600000000	-2.5436812589022
2.8503700000000	-2.7192524915085
2.8503800000000	-2.9057818856938
2.8503900000000	-3.1029307370043
2.8504000000000	-3.3147014110097
2.8504100000000	-3.5347921296411
2.8504200000000	-3.7609650185591
2.8504300000000	-3.9942201174653
2.8504400000000	-4.2254119882442
2.8504500000000	-4.4491069075511
2.8504600000000	-4.6609695932959
2.8504700000000	-4.8501122091594
2.8504800000000	-5.0092274260826
2.8504900000000	-5.1302193507008
2.8505000000000	-5.2072418721066
2.8505100000000	-5.2377335495909
2.8505200000000	-5.2169484665943
2.8505300000000	-5.1514442810340
2.8505400000000	-5.0470455788582
2.8505500000000	-4.9043395799715
2.8505600000000	-4.7376573931895
2.8505700000000	-4.5548610023406
2.8505800000000	-4.3565463785368
2.8505900000000	-4.1555544352731
2.8506000000000	-3.9564396841642
2.8506100000000	-3.7574527581757
2.8506200000000	-3.5669236014633
2.8506300000000	-3.3862033133101
2.8506400000000	-3.2122843429053
2.8506500000000	-3.0499416607150
2.8506600000000	-2.8989295400711
2.8506700000000	-2.7562396576924
2.8506800000000	-2.6244924244449
2.8506900000000	-2.5029231355343
2.8507000000000	-2.3890857088670
2.8507100000000	-2.2843693373734
2.8507200000000	-2.1879680302732
2.8507300000000	-2.0981062960998
2.8507400000000	-2.0154550794203
2.8507500000000	-1.9393262173559
2.8507600000000	-1.8685419417230
2.8507700000000	-1.8033312429016
2.8507800000000	-1.7431515548557
2.8507900000000	-1.6873065938173
2.8508000000000	-1.6357354845475
2.8508100000000	-1.5880246517528
2.8508200000000	-1.5438513380543
2.8508300000000	-1.5029520092900
2.8508400000000	-1.4650155172168
2.8508500000000	-1.4300066111624
2.8508600000000	-1.3975112756424
2.8508700000000	-1.3672960451955
2.8508800000000	-1.3395489723096
2.8508900000000	-1.3137378721077
2.8509000000000	-1.2896870493183
2.8509100000000	-1.2677614992845
2.8509200000000	-1.2473312870016
2.8509300000000	-1.2282633808493
2.8509400000000	-1.2110669241042
2.8509500000000	-1.1950271450589
2.8509600000000	-1.1800425049910
2.8509700000000	-1.1667435143364
2.8509800000000	-1.1543385035368
2.8509900000000	-1.1427492468473
2.8510000000000	-1.1327121697122
2.8510100000000	-1.1233631958859
2.8510200000000	-1.1146414310484
2.8510300000000	-1.1073791434685
2.8510400000000	-1.1006418505038
2.8510500000000	-1.0943816002254
2.8510600000000	-1.0895204245478
2.8510700000000	-1.0850535619681
2.8510800000000	-1.0809427618312
2.8510900000000	-1.0781967549620
2.8511000000000	-1.0757391641869
2.8511100000000	-1.0735390266295
2.8511200000000	-1.0726910338982
2.8511300000000	-1.0720446658733
2.8511400000000	-1.0715744324590
2.8511500000000	-1.0724620919192
2.8511600000000	-1.0734794485062
2.8511700000000	-1.0746051046343
2.8511800000000	-1.0771104970108
2.8511900000000	-1.0796853413365
2.8512000000000	-1.0823112695961
2.8512100000000	-1.0863532783676
2.8512200000000	-1.0904137859465
2.8512300000000	-1.0944766237090
2.8512400000000	-1.1000053345488
2.8512500000000	-1.1055090910777
2.8512600000000	-1.1109732653695
2.8512700000000	-1.1179659236114
2.8512800000000	-1.1248963431138
2.8512900000000	-1.1317509047853
2.8513000000000	-1.1402090855928
2.8513100000000	-1.1485729433916
2.8513200000000	-1.1568294302114
2.8513300000000	-1.1667771744359
2.8513400000000	-1.1766030371202
2.8513500000000	-1.1862941739194
2.8513600000000	-1.1977769144172
2.8513700000000	-1.2091143133622
2.8513800000000	-1.2202934153416
2.8513900000000	-1.2333775716052
2.8514000000000	-1.2462968145727
2.8514100000000	-1.2590378034654
2.8514200000000	-1.2738109623802
2.8514300000000	-1.2884035141701
2.8514400000000	-1.3028014904167
2.8514500000000	-1.3193731215555
2.8514600000000	-1.3357525129519
2.8514700000000	-1.3519248533389
2.8514800000000	-1.3704275313445
2.8514900000000	-1.3887307781718
2.8515000000000	-1.4068187497609
2.8515100000000	-1.4274098757319
2.8515200000000	-1.4477994083058
2.8515300000000	-1.4679703072880
2.8515400000000	-1.4908343371997
2.8515500000000	-1.5135004560900
2.8515600000000	-1.5359502955623
2.8515700000000	-1.5613014973954
2.8515800000000	-1.5864653848734
2.8515900000000	-1.6114221690578
2.8516000000000	-1.6395079420449
2.8516100000000	-1.6674252704057
2.8516200000000	-1.6951529049506
2.8516300000000	-1.7262577045570
2.8516400000000	-1.7572228929098
2.8516500000000	-1.7880257917172
2.8516600000000	-1.8224757125644
2.8516700000000	-1.8568268925840
2.8516800000000	-1.8910553510895
2.8516900000000	-1.9292234271081
2.8517000000000	-1.9673481856093
2.8517100000000	-2.0054045984066
2.8517200000000	-2.0477168844654
2.8517300000000	-2.0900588560038
2.8517400000000	-2.1324048626260
2.8517500000000	-2.1793473648200
2.8517600000000	-2.2264137506661
2.8517700000000	-2.2735783971532
2.8517800000000	-2.3257049189665
2.8517900000000	-2.3780750091268
2.8518000000000	-2.4306640140907
2.8518100000000	-2.4886049829440
2.8518200000000	-2.5469397557512
2.8518300000000	-2.6056459683599
2.8518400000000	-2.6701183017753
2.8518500000000	-2.7351711709205
2.8518600000000	-2.8007863051843
2.8518700000000	-2.8726043687156
2.8518800000000	-2.9452331422455
2.8518900000000	-3.0186608693066
2.8519000000000	-3.0987485719296
2.8519100000000	-3.1799286843151
2.8519200000000	-3.2621991655085
2.8519300000000	-3.3516032353004
2.8519400000000	-3.4424423161927
2.8519500000000	-3.5347282698888
2.8519600000000	-3.6346327582416
2.8519700000000	-3.7363866152978
2.8519800000000	-3.8400210357235
2.8519900000000	-3.9517631140718
2.8520000000000	-4.0658532342713
2.8520100000000	-4.1823489229833
2.8520200000000	-4.3074360575899
2.8520300000000	-4.4354687641400
2.8520400000000	-4.5665398830762
2.8520500000000	-4.7066684711751
2.8520600000000	-4.8504558714979
2.8520700000000	-4.9980417284504
2.8520800000000	-5.1551171650915
2.8520900000000	-5.3166998748959
2.8521000000000	-5.4829909580394
2.8521100000000	-5.6591486527890
2.8521200000000	-5.8408196886605
2.8521300000000	-6.0282851988974
2.8521400000000	-6.2259108926047
2.8521500000000	-6.4302385554067
2.8521600000000	-6.6416526066435
2.8521700000000	-6.8633960216348
2.8521800000000	-7.0932382192522
2.8521900000000	-7.3316951507920
2.8522000000000	-7.5804649531921
2.8522100000000	-7.8389588778742
2.8522200000000	-8.1078563346305
2.8522300000000	-8.3867619425908
2.8522400000000	-8.6772444334716
2.8522500000000	-8.9801761691656
2.8522600000000	-9.2923388198274
2.8522700000000	-9.6180952733915
2.8522800000000	-9.9585188821173
2.8522900000000	-10.306569157626
2.8523000000000	-10.670170048163
2.8523100000000	-11.050530756571
2.8523200000000	-11.435374173365
2.8523300000000	-11.837049063798
2.8523400000000	-12.256634289973
2.8523500000000	-12.674569068716
2.8523600000000	-13.108439870099
2.8523700000000	-13.558457601179
2.8523800000000	-13.994902038749
2.8523900000000	-14.441020181502
2.8524000000000	-14.894596736253
2.8524100000000	-15.312540871683
2.8524200000000	-15.723562927603
2.8524300000000	-16.121183413415
2.8524400000000	-16.448896842833
2.8524500000000	-16.741446457996
2.8524600000000	-16.989895126335
2.8524700000000	-17.135330395314
2.8524800000000	-17.221799472182
2.8524900000000	-17.246316009645
2.8525000000000	-17.166737797336
2.8525100000000	-17.033444300488
2.8525200000000	-16.852031598538
2.8525300000000	-16.601523762288
2.8525400000000	-16.323671368562
2.8525500000000	-16.025003615341
2.8525600000000	-15.696700801865
2.8525700000000	-15.363451583839
2.8525800000000	-15.028640242954
2.8525900000000	-14.689564202394
2.8526000000000	-14.356614314994
2.8526100000000	-14.030768838746
2.8526200000000	-13.713223220379
2.8526300000000	-13.405392820475
2.8526400000000	-13.107186862962
2.8526500000000	-12.822529173236
2.8526600000000	-12.547766055444
2.8526700000000	-12.282476413099
2.8526800000000	-12.032414960978
2.8526900000000	-11.791193621080
2.8527000000000	-11.558360141586
2.8527100000000	-11.340809538189
2.8527200000000	-11.130748406284
2.8527300000000	-10.927789871022
2.8527400000000	-10.739471789470
2.8527500000000	-10.557351990087
2.8527600000000	-10.381127112559
2.8527700000000	-10.218636468178
2.8527800000000	-10.061224456012
2.8527900000000	-9.9086631807282
2.8528000000000	-9.7688666818982
2.8528100000000	-9.6332178155971
2.8528200000000	-9.5015497482747
2.8528300000000	-9.3817048402485
2.8528400000000	-9.2652487738771
2.8528500000000	-9.1520618532014
2.8528600000000	-9.0498233665751
2.8528700000000	-8.9503616101391
2.8528800000000	-8.8535924924452
2.8528900000000	-8.7669781237002
2.8529000000000	-8.6826496574005
2.8529100000000	-8.6005496353037
2.8529200000000	-8.5278939992306
2.8529300000000	-8.4571325059039
2.8529400000000	-8.3882275577977
2.8529500000000	-8.3281367515454
2.8529600000000	-8.2696289809591
2.8529700000000	-8.2126814764867
2.8529800000000	-8.1639924619376
2.8529900000000	-8.1166411488004
2.8530000000000	-8.0706158907345
2.8530100000000	-8.0323617854802
2.8530200000000	-7.9952539503185
2.8530300000000	-7.9592891547481
2.8530400000000	-7.9306702330819
2.8530500000000	-7.9030506478503
2.8530600000000	-7.8764336216767
2.8530700000000	-7.8567933761343
2.8530800000000	-7.8380426091082
2.8530900000000	-7.8201895896800
2.8531000000000	-7.8089951082691
2.8531100000000	-7.7986114873753
2.8531200000000	-7.7890510529426
2.8531300000000	-7.7858770137722
2.8531400000000	-7.7834618900439
2.8531500000000	-7.7818213904291
2.8531600000000	-7.7863370701124
2.8531700000000	-7.7915828461229
2.8531800000000	-7.7975773774336
2.8531900000000	-7.8095361726069
2.8532000000000	-7.8222166513133
2.8532100000000	-7.8356401790639
2.8532200000000	-7.8548712362357
2.8532300000000	-7.8748339305227
2.8532400000000	-7.8955522413614
2.8532500000000	-7.9219538743260
2.8532600000000	-7.9491139926497
2.8532700000000	-7.9770592225411
2.8532800000000	-8.0105938686664
2.8532900000000	-8.0449297573889
2.8533000000000	-8.0800963035451
2.8533100000000	-8.1207869816082
2.8533200000000	-8.1623370117494
2.8533300000000	-8.2047788393343
2.8533400000000	-8.2527062315865
2.8533500000000	-8.3015662690140
2.8533600000000	-8.3513947669953
2.8533700000000	-8.4066963247861
2.8533800000000	-8.4630192099469
2.8533900000000	-8.5204030482198
2.8534000000000	-8.5832726033038
2.8534100000000	-8.6472681315270
2.8534200000000	-8.7124336194025
2.8534300000000	-8.7831222435133
2.8534400000000	-8.8550584095993
2.8534500000000	-8.9282911406741
2.8534600000000	-9.0071091572645
2.8534700000000	-9.0873145852993
2.8534800000000	-9.1689623074645
2.8534900000000	-9.2562825553450
2.8535000000000	-9.3451502330756
2.8535100000000	-9.4356270838334
2.8535200000000	-9.5318895866944
2.8535300000000	-9.6298820806616
2.8535400000000	-9.7296743876980
2.8535500000000	-9.8353926445036
2.8535600000000	-9.9430490365386
2.8535700000000	-10.052722951950
2.8535800000000	-10.168492132249
2.8535900000000	-10.286436990813
2.8536000000000	-10.406648304347
2.8536100000000	-10.533155708444
2.8536200000000	-10.662110487722
2.8536300000000	-10.793617047435
2.8536400000000	-10.931655269008
2.8536500000000	-11.072452607172
2.8536600000000	-11.216129854616
2.8536700000000	-11.366613147992
2.8536800000000	-11.520214594714
2.8536900000000	-11.677074771787
2.8537000000000	-11.841059142581
2.8537100000000	-12.008576839303
2.8537200000000	-12.179792386700
2.8537300000000	-12.358499814985
2.8537400000000	-12.541222479591
2.8537500000000	-12.728153894844
2.8537600000000	-12.923000692608
2.8537700000000	-13.122423703589
2.8537800000000	-13.326651379290
2.8537900000000	-13.539279608184
2.8538000000000	-13.757137565908
2.8538100000000	-13.980495273041
2.8538200000000	-14.212803594051
2.8538300000000	-14.451100413059
2.8538400000000	-14.695703781503
2.8538500000000	-14.949868294686
2.8538600000000	-15.210892340232
2.8538700000000	-15.479145912477
2.8538800000000	-15.757608503503
2.8538900000000	-16.043903349721
2.8539000000000	-16.338447779281
2.8539100000000	-16.643820293182
2.8539200000000	-16.958043666374
2.8539300000000	-17.281555100111
2.8539400000000	-17.616322247884
2.8539500000000	-17.960840467979
2.8539600000000	-18.315483078397
2.8539700000000	-18.681241606253
2.8539800000000	-19.057118540763
2.8539900000000	-19.443208267027
2.8540000000000	-19.838869525803
2.8540100000000	-20.243517605242
2.8540200000000	-20.656469474040
2.8540300000000	-21.074274541001
2.8540400000000	-21.496373347991
2.8540500000000	-21.920301117519
2.8540600000000	-22.337893539170
2.8540700000000	-22.747872802851
2.8540800000000	-23.144569287390
2.8540900000000	-23.513108798084
2.8541000000000	-23.851429402478
2.8541100000000	-24.150706500767
2.8541200000000	-24.390790896123
2.8541300000000	-24.572887135513
2.8541400000000	-24.690599444008
2.8541500000000	-24.727349324017
2.8541600000000	-24.695208741910
2.8541700000000	-24.597359440069
2.8541800000000	-24.427784163647
2.8541900000000	-24.207664769279
2.8542000000000	-23.946089011000
2.8542100000000	-23.642590454656
2.8542200000000	-23.316910846949
2.8542300000000	-22.976326332008
2.8542400000000	-22.620068822511
2.8542500000000	-22.261466943188
2.8542600000000	-21.904113399597
2.8542700000000	-21.546154508806
2.8542800000000	-21.195375179281
2.8542900000000	-20.852964121772
2.8543000000000	-20.516872925411
2.8543100000000	-20.191304950185
2.8543200000000	-19.876318595055
2.8543300000000	-19.570289546096
2.8543400000000	-19.275246678956
2.8543500000000	-18.990813766272
2.8543600000000	-18.715997723996
2.8543700000000	-18.451481468422
2.8543800000000	-18.196767351028
2.8543900000000	-17.951489523593
2.8544000000000	-17.715459406338
2.8544100000000	-17.488184317968
2.8544200000000	-17.269846237883
2.8544300000000	-17.059665072240
2.8544400000000	-16.857197514716
2.8544500000000	-16.663079286909
2.8544600000000	-16.476112385355
2.8544700000000	-16.295913383544
2.8544800000000	-16.123485078785
2.8544900000000	-15.957325058960
2.8545000000000	-15.797107219103
2.8545100000000	-15.644128083449
2.8545200000000	-15.496658824878
2.8545300000000	-15.354423803375
2.8545400000000	-15.218953152141
2.8545500000000	-15.088347658682
2.8545600000000	-14.962374546285
2.8545700000000	-14.842748745571
2.8545800000000	-14.727442514251
2.8545900000000	-14.616258924806
2.8546000000000	-14.511057992577
2.8546100000000	-14.409715815636
2.8546200000000	-14.312065292405
2.8546300000000	-14.220078933040
2.8546400000000	-14.131562509735
2.8546500000000	-14.046373744788
2.8546600000000	-13.966570551596
2.8546700000000	-13.889909607251
2.8546800000000	-13.816269372511
2.8546900000000	-13.747770279731
2.8547000000000	-13.682137856303
2.8547100000000	-13.619267993102
2.8547200000000	-13.561324290398
2.8547300000000	-13.506016380193
2.8547400000000	-13.453254917125
2.8547500000000	-13.405228692858
2.8547600000000	-13.359646036410
2.8547700000000	-13.316430224205
2.8547800000000	-13.277780046650
2.8547900000000	-13.241414953982
2.8548000000000	-13.207269130541
2.8548100000000	-13.177537088000
2.8548200000000	-13.149961405435
2.8548300000000	-13.124485811773
2.8548400000000	-13.103287102634
2.8548500000000	-13.084142566587
2.8548600000000	-13.067004403254
2.8548700000000	-13.054018748203
2.8548800000000	-13.043009026951
2.8548900000000	-13.033935077748
2.8549000000000	-13.028899628377
2.8549100000000	-13.025783753186
2.8549200000000	-13.024554302110
2.8549300000000	-13.027257782202
2.8549400000000	-13.031844726576
2.8549500000000	-13.038288547138
2.8549600000000	-13.048566414878
2.8549700000000	-13.060710628489
2.8549800000000	-13.074700868617
2.8549900000000	-13.092431330630
2.8550000000000	-13.112029073734
2.8550100000000	-13.133479895672
2.8550200000000	-13.158580638433
2.8550300000000	-13.185566994458
2.8550400000000	-13.214430858580
2.8550500000000	-13.246856390815
2.8550600000000	-13.281202860765
2.8550700000000	-13.317468366255
2.8550800000000	-13.357207888748
2.8550900000000	-13.398920492213
2.8551000000000	-13.442610707331
2.8551100000000	-13.489686445128
2.8551200000000	-13.538804270069
2.8551300000000	-13.589975501105
2.8551400000000	-13.644441448409
2.8551500000000	-13.701035606302
2.8551600000000	-13.759776567961
2.8551700000000	-13.821717608674
2.8551800000000	-13.885890563723
2.8551900000000	-13.952321925448
2.8552000000000	-14.021853302981
2.8552100000000	-14.093738554345
2.8552200000000	-14.168012847029
2.8552300000000	-14.245279966001
2.8552400000000	-14.325042070861
2.8552500000000	-14.407343947368
2.8552600000000	-14.492522497432
2.8552700000000	-14.580357430402
2.8552800000000	-14.670904281005
2.8552900000000	-14.764200679616
2.8553000000000	-14.860336530619
2.8553100000000	-14.959379461584
2.8553200000000	-15.061031617908
2.8553300000000	-15.165729636471
2.8553400000000	-15.273554826150
2.8553500000000	-15.383833232759
2.8553600000000	-15.497389231379
2.8553700000000	-15.614319683585
2.8553800000000	-15.733528845795
2.8553900000000	-15.856274978881
2.8554000000000	-15.982672697938
2.8554100000000	-16.111152912521
2.8554200000000	-16.243459849794
2.8554300000000	-16.379728464808
2.8554400000000	-16.517857960005
2.8554500000000	-16.660137474230
2.8554600000000	-16.806725342178
2.8554700000000	-16.954922789096
2.8554800000000	-17.107630776651
2.8554900000000	-17.265034593529
2.8555000000000	-17.423761994452
2.8555100000000	-17.587401943714
2.8555200000000	-17.756170890620
2.8555300000000	-17.925936842322
2.8555400000000	-18.101063757865
2.8555500000000	-18.281804203094
2.8555600000000	-18.463167522553
2.8555700000000	-18.650392303506
2.8555800000000	-18.843773073378
2.8555900000000	-19.037346759893
2.8556000000000	-19.237341018461
2.8556100000000	-19.444099239325
2.8556200000000	-19.650554733720
2.8556300000000	-19.864056028725
2.8556400000000	-20.085003534029
2.8556500000000	-20.305075228456
2.8556600000000	-20.532892686023
2.8556700000000	-20.768922986075
2.8556800000000	-21.003412951302
2.8556900000000	-21.246433268095
2.8557000000000	-21.498529115748
2.8557100000000	-21.748312076050
2.8557200000000	-22.007505985480
2.8557300000000	-22.276747683613
2.8557400000000	-22.542776439718
2.8557500000000	-22.819205937052
2.8557600000000	-23.106780806847
2.8557700000000	-23.390092691270
2.8557800000000	-23.684919790484
2.8557900000000	-23.992133814419
2.8558000000000	-24.293859552228
2.8558100000000	-24.608358315930
2.8558200000000	-24.936652170358
2.8558300000000	-25.258030031811
2.8558400000000	-25.593605464774
2.8558500000000	-25.944579443773
2.8558600000000	-26.286980304687
2.8558700000000	-26.645201015848
2.8558800000000	-27.020657439122
2.8558900000000	-27.385630920553
2.8559000000000	-27.768287933123
2.8559100000000	-28.170306349959
2.8559200000000	-28.559664904687
2.8559300000000	-28.968876832147
2.8559400000000	-29.399946775660
2.8559500000000	-29.815911781127
2.8559600000000	-30.254304158570
2.8559700000000	-30.717548470504
2.8559800000000	-31.162980868235
2.8559900000000	-31.633961342018
2.8560000000000	-32.133471078005
2.8560100000000	-32.612165037805
2.8560200000000	-33.120247148283
2.8560300000000	-33.661445591394
2.8560400000000	-34.178245654851
2.8560500000000	-34.729053801164
2.8560600000000	-35.318539407080
2.8560700000000	-35.878259265396
2.8560800000000	-36.476682014679
2.8560900000000	-37.119260814269
2.8561000000000	-37.720512027205
2.8561100000000	-38.361233720422
2.8561200000000	-39.045572896940
2.8561300000000	-39.656428564631
2.8561400000000	-40.288408437538
2.8561500000000	-40.936028342025
2.8561600000000	-41.422394230525
2.8561700000000	-41.860233973632
2.8561800000000	-42.227218615822
2.8561900000000	-42.323712270621
2.8562000000000	-42.294020759399
2.8562100000000	-42.033547685508
2.8562200000000	-41.531460990463
2.8562300000000	-40.967510797530
2.8562400000000	-40.369448365583
2.8562500000000	-39.592278841419
2.8562600000000	-38.845901302329
2.8562700000000	-38.135280785983
2.8562800000000	-37.332969367814
2.8562900000000	-36.589454689117
2.8563000000000	-35.898341934941
2.8563100000000	-35.151340100601
2.8563200000000	-34.461907959938
2.8563300000000	-33.822262649283
2.8563400000000	-33.142006198094
2.8563500000000	-32.511781123299
2.8563600000000	-31.924919616776
2.8563700000000	-31.305543585237
2.8563800000000	-30.728724410017
2.8563900000000	-30.189116630907
2.8564000000000	-29.622332009777
2.8564100000000	-29.091879648116
2.8564200000000	-28.593497023501
2.8564300000000	-28.071991109599
2.8564400000000	-27.581801441114
2.8564500000000	-27.119494141855
2.8564600000000	-26.637371372352
2.8564700000000	-26.182509358558
2.8564800000000	-25.752105917384
2.8564900000000	-25.304678114585
2.8565000000000	-24.881189048074
2.8565100000000	-24.479324848069
2.8565200000000	-24.062830121601
2.8565300000000	-23.667513370671
2.8565400000000	-23.291444895370
2.8565500000000	-22.902818521298
2.8565600000000	-22.533045373916
2.8565700000000	-22.180503056345
2.8565800000000	-21.817209932992
2.8565900000000	-21.470790129394
2.8566000000000	-21.139870640792
2.8566100000000	-20.799785732749
2.8566200000000	-20.474871648807
2.8566300000000	-20.163960273115
2.8566400000000	-19.845282755445
2.8566500000000	-19.540300085922
2.8566600000000	-19.248014237599
2.8566700000000	-18.949204657688
2.8566800000000	-18.662801292729
2.8566900000000	-18.387948590115
2.8567000000000	-18.107681800861
2.8567100000000	-17.838689250479
2.8567200000000	-17.580235678660
2.8567300000000	-17.317364783460
2.8567400000000	-17.064768431553
2.8567500000000	-16.821813654310
2.8567600000000	-16.575341856184
2.8567700000000	-16.338257611266
2.8567800000000	-16.110015510069
2.8567900000000	-15.879073820926
2.8568000000000	-15.656729562645
2.8568100000000	-15.442512739952
2.8568200000000	-15.226342188638
2.8568300000000	-15.018062944985
2.8568400000000	-14.817270355684
2.8568500000000	-14.615207774308
2.8568600000000	-14.420403912802
2.8568700000000	-14.232511065092
2.8568800000000	-14.043977823414
2.8568900000000	-13.862135769194
2.8569000000000	-13.686687120787
2.8569100000000	-13.511180374148
2.8569200000000	-13.341855524790
2.8569300000000	-13.178458826656
2.8569400000000	-13.015544979206
2.8569500000000	-12.858356595721
2.8569600000000	-12.706679025947
2.8569700000000	-12.555989210155
2.8569800000000	-12.410617145828
2.8569900000000	-12.270383145137
2.8570000000000	-12.131610594764
2.8570100000000	-11.997793788149
2.8570200000000	-11.868784565108
2.8570300000000	-11.741683822489
2.8570400000000	-11.619220537533
2.8570500000000	-11.501275263716
2.8570600000000	-11.385663219480
2.8570700000000	-11.274413069399
2.8570800000000	-11.167431836439
2.8570900000000	-11.063190656977
2.8571000000000	-10.963078504504
2.8571100000000	-10.867027171816
2.8571200000000	-10.774109230552
2.8571300000000	-10.685131119407
2.8571400000000	-10.600048246311
2.8571500000000	-10.518483243140
2.8571600000000	-10.440714587095
2.8571700000000	-10.366720719539
2.8571800000000	-10.296625251189
2.8571900000000	-10.230231590879
2.8572000000000	-10.167541263553
2.8572100000000	-10.109131197405
2.8572200000000	-10.054381931283
2.8572300000000	-10.003318850567
2.8572400000000	-9.9569249540606
2.8572500000000	-9.9142105565960
2.8572600000000	-9.8752265450596
2.8572700000000	-9.8413139241111
2.8572800000000	-9.8111672704372
2.8572900000000	-9.7848656657437
2.8573000000000	-9.7640576478554
2.8573100000000	-9.7471801433664
2.8573200000000	-9.7343444201813
2.8573300000000	-9.7274515320459
2.8573400000000	-9.7247447358452
2.8573500000000	-9.7263730807532
2.8573600000000	-9.7344276087119
2.8573700000000	-9.7470308057694
2.8573800000000	-9.7643770511944
2.8573900000000	-9.7886731037227
2.8574000000000	-9.8180065270405
2.8574100000000	-9.8526268662196
2.8574200000000	-9.8947643798705
2.8574300000000	-9.9425758711236
2.8574400000000	-9.9963783134510
2.8574500000000	-10.058305970932
2.8574600000000	-10.126714396192
2.8574700000000	-10.202002173448
2.8574800000000	-10.286046347695
2.8574900000000	-10.377564954619
2.8575000000000	-10.477052016328
2.8575100000000	-10.585901305614
2.8575200000000	-10.703401473692
2.8575300000000	-10.830148699848
2.8575400000000	-10.966724456648
2.8575500000000	-11.113249313502
2.8575600000000	-11.270403548155
2.8575700000000	-11.437459481255
2.8575800000000	-11.615683003023
2.8575900000000	-11.805752325313
2.8576000000000	-12.004854515041
2.8576100000000	-12.215733867557
2.8576200000000	-12.438813001956
2.8576300000000	-12.667956057200
2.8576400000000	-12.907632719177
2.8576500000000	-13.157392097158
2.8576600000000	-13.405848757502
2.8576700000000	-13.659154604939
2.8576800000000	-13.914762595453
2.8576900000000	-14.153510150150
2.8577000000000	-14.382872508756
2.8577100000000	-14.596761879237
2.8577200000000	-14.766993920025
2.8577300000000	-14.903074122623
2.8577400000000	-14.996553314374
2.8577500000000	-15.015713040603
2.8577600000000	-14.976586323440
2.8577700000000	-14.875374343931
2.8577800000000	-14.689990743452
2.8577900000000	-14.445886245718
2.8578000000000	-14.148225566844
2.8578100000000	-13.789859225010
2.8578200000000	-13.396618085667
2.8578300000000	-12.976373564533
2.8578400000000	-12.530276534987
2.8578500000000	-12.074506618005
2.8578600000000	-11.614129006673
2.8578700000000	-11.153405946602
2.8578800000000	-10.697833942212
2.8578900000000	-10.249503250443
2.8579000000000	-9.8144907531793
2.8579100000000	-9.3907813152043
2.8579200000000	-8.9788363599564
2.8579300000000	-8.5862292804568
2.8579400000000	-8.2064518489465
2.8579500000000	-7.8392841790070
2.8579600000000	-7.4934186450621
2.8579700000000	-7.1598638836299
2.8579800000000	-6.8381756778756
2.8579900000000	-6.5377248260198
2.8580000000000	-6.2482790535792
2.8580100000000	-5.9693594053187
2.8580200000000	-5.7106162474829
2.8580300000000	-5.4613463819456
2.8580400000000	-5.2211072020852
2.8580500000000	-4.9995171863092
2.8580600000000	-4.7858852511615
2.8580700000000	-4.5798278805320
2.8580800000000	-4.3907087046965
2.8580900000000	-4.2081521163378
2.8581000000000	-4.0318373878418
2.8581100000000	-3.8707264153253
2.8581200000000	-3.7149426058584
2.8581300000000	-3.5642242999707
2.8581400000000	-3.4270435938057
2.8581500000000	-3.2941249101075
2.8581600000000	-3.1652591174464
2.8581700000000	-3.0483837004021
2.8581800000000	-2.9348701520940
2.8581900000000	-2.8245544439838
2.8582000000000	-2.7248251648458
2.8582100000000	-2.6277091621213
2.8582200000000	-2.5330801187191
2.8582300000000	-2.4477841481357
2.8582400000000	-2.3644871403475
2.8582500000000	-2.2830936159386
2.8582600000000	-2.2099270251833
2.8582700000000	-2.1382608982727
2.8582800000000	-2.0680244881718
2.8582900000000	-2.0050464866167
2.8583000000000	-1.9431682920495
2.8583100000000	-1.8823386539652
2.8583200000000	-1.8279237568095
2.8583300000000	-1.7742893393869
2.8583400000000	-1.7213992819114
2.8583500000000	-1.6741912787444
2.8583600000000	-1.6275111763978
2.8583700000000	-1.5813344279430
2.8583800000000	-1.5402042972937
2.8583900000000	-1.4994037241134
2.8584000000000	-1.4589168892667
2.8584100000000	-1.4229256231643
2.8584200000000	-1.3871092938124
2.8584300000000	-1.3514585704539
2.8584400000000	-1.3198251172374
2.8584500000000	-1.2882470086386
2.8584600000000	-1.2567196630796
2.8584700000000	-1.2287937531366
2.8584800000000	-1.2008315192618
2.8584900000000	-1.1728317940277
2.8585000000000	-1.1480711840487
2.8585100000000	-1.1232047501683
2.8585200000000	-1.0982337251206
2.8585300000000	-1.0761853054859
2.8585400000000	-1.0539790998568
2.8585500000000	-1.0316179786536
2.8585600000000	-1.0119021801874
2.8585700000000	-0.99199046368786
2.8585800000000	-0.97188676965877
2.8585900000000	-0.95418474273731
2.8586000000000	-0.93625953759448
2.8586100000000	-0.91811574682046
2.8586200000000	-0.90215884353037
2.8586300000000	-0.88596001975481
2.8586400000000	-0.86952421608197
2.8586500000000	-0.85508537051464
2.8586600000000	-0.84039251061943
2.8586700000000	-0.82545070701727
2.8586800000000	-0.81233737160967
2.8586900000000	-0.79896309381183
2.8587000000000	-0.78533292097512
2.8587100000000	-0.77338127408799
2.8587200000000	-0.76116574802025
2.8587300000000	-0.74869126176586
2.8587400000000	-0.73776145179317
2.8587500000000	-0.72656788762308
2.8587600000000	-0.71511529047753
2.8587700000000	-0.70508752438860
2.8587800000000	-0.69479845596952
2.8587900000000	-0.68425256543746
2.8588000000000	-0.67502388527067
2.8588100000000	-0.66553810114339
2.8588200000000	-0.65579942804519
2.8588300000000	-0.64728104825410
2.8588400000000	-0.63851105163343
2.8588500000000	-0.62949337735421
2.8588600000000	-0.62160847994442
2.8588700000000	-0.61347838121278
2.8588800000000	-0.60510674353500
2.8588900000000	-0.59778864746833
2.8589000000000	-0.59023241087918
2.8589100000000	-0.58244142499701
2.8589200000000	-0.57563206216802
2.8589300000000	-0.56859204321384
2.8589400000000	-0.56132449828056
2.8589500000000	-0.55497314116206
2.8589600000000	-0.54839886297923
2.8589700000000	-0.54160454565996
2.8589800000000	-0.53566674202193
2.8589900000000	-0.52951386884814
2.8590000000000	-0.52314857433594
2.8590100000000	-0.51758525277542
2.8590200000000	-0.51181472625027
2.8590300000000	-0.50583942448996
2.8590400000000	-0.50061614121743
2.8590500000000	-0.49519345159996
2.8590600000000	-0.48957358233971
2.8590700000000	-0.48465988509116
2.8590800000000	-0.47955445455934
2.8590900000000	-0.47425932962404
2.8591000000000	-0.46962821895059
2.8591100000000	-0.46481287825809
2.8591200000000	-0.45981517329216
2.8591300000000	-0.45544264502835
2.8591400000000	-0.45089318813346
2.8591500000000	-0.44616850921312
2.8591600000000	-0.44203316480321
2.8591700000000	-0.43772796879718
2.8591800000000	-0.43325448185366
2.8591900000000	-0.42933719555468
2.8592000000000	-0.42525689542494
2.8592100000000	-0.42101500851095
2.8592200000000	-0.41729864239967
2.8592300000000	-0.41342585196118
2.8592400000000	-0.40939794209376
2.8592500000000	-0.40586710135462
2.8592600000000	-0.40218617316076
2.8592700000000	-0.39835635086218
2.8592800000000	-0.39499717311261
2.8592900000000	-0.39149399136105
2.8593000000000	-0.38784789717064
2.8593100000000	-0.38464787061960
2.8593200000000	-0.38130967205788
2.8593300000000	-0.37783430022315
2.8593400000000	-0.37478210631965
2.8593500000000	-0.37159732497732
2.8593600000000	-0.36828087031529
2.8593700000000	-0.36536624724933
2.8593800000000	-0.36232437949316
2.8593900000000	-0.35915610404703
2.8594000000000	-0.35636972805183
2.8594100000000	-0.35346121502085
2.8594200000000	-0.35043133167888
2.8594300000000	-0.34776471356548
2.8594400000000	-0.34498083850431
2.8594500000000	-0.34208040918099
2.8594600000000	-0.33952580393981
2.8594700000000	-0.33685860233489
2.8594800000000	-0.33407944868985
2.8594900000000	-0.33162977632845
2.8595000000000	-0.32907195707118
2.8595100000000	-0.32640658204433
2.8595200000000	-0.32405535810804
2.8595300000000	-0.32160023417806
2.8595400000000	-0.31904175288019
2.8595500000000	-0.31678302733766
2.8595600000000	-0.31442445472515
2.8595700000000	-0.31196653343572
2.8595800000000	-0.30979483680754
2.8595900000000	-0.30752716057871
2.8596000000000	-0.30516396278784
2.8596100000000	-0.30307425855828
2.8596200000000	-0.30089226513096
2.8596300000000	-0.29861840371406
2.8596400000000	-0.29660604620737
2.8596500000000	-0.29450492103487
2.8596600000000	-0.29231541577563
2.8596700000000	-0.29037611279413
2.8596800000000	-0.28835140276988
2.8596900000000	-0.28624164256201
2.8597000000000	-0.28437142218196
2.8597100000000	-0.28241900217319
2.8597200000000	-0.28038471131859
2.8597300000000	-0.27857989232387
2.8597400000000	-0.27669593532380
2.8597500000000	-0.27473314342778
2.8597600000000	-0.27299030893429
2.8597700000000	-0.27117125939237
2.8597800000000	-0.26927627442258
2.8597900000000	-0.26759224830354
2.8598000000000	-0.26583479825087
2.8598100000000	-0.26400418238388
2.8598200000000	-0.26237600816177
2.8598300000000	-0.26067707580240
2.8598400000000	-0.25890762373136
2.8598500000000	-0.25733254564497
2.8598600000000	-0.25568925612286
2.8598700000000	-0.25397797554234
2.8598800000000	-0.25245342153435
2.8598900000000	-0.25086308962686
2.8599000000000	-0.24920718364736
2.8599100000000	-0.24773075005255
2.8599200000000	-0.24619086457086
2.8599300000000	-0.24458771584478
2.8599400000000	-0.24315715358564
2.8599500000000	-0.24166536329096
2.8599600000000	-0.24011251966241
2.8599700000000	-0.23872572178361
2.8599800000000	-0.23727982265166
2.8599900000000	-0.23577498416190
2.8600000000000	-0.23442997455548
