#Parameters = {n=0.01; f0=2856000000; lambda=0.10496934803922; l=0.0010496934803922; LL=0.17}
#"Frequency / GHz"	"S1,1 (17) [Magnitude in dB]"
#-----------------------------------------------
2.8500000000000	-0.22520718214102
2.8500100000000	-0.22664627186957
2.8500200000000	-0.22803376224349
2.8500300000000	-0.22936957978772
2.8500400000000	-0.23085663907700
2.8500500000000	-0.23229006823125
2.8500600000000	-0.23366978773288
2.8500700000000	-0.23520720259980
2.8500800000000	-0.23668885162494
2.8500900000000	-0.23811464858228
2.8501000000000	-0.23970496482029
2.8501100000000	-0.24123726806630
2.8501200000000	-0.24271146463797
2.8501300000000	-0.24435740109946
2.8501400000000	-0.24594295900600
2.8501500000000	-0.24746803637833
2.8501600000000	-0.24917249956545
2.8501700000000	-0.25081409276794
2.8501800000000	-0.25239270476498
2.8501900000000	-0.25415880487783
2.8502000000000	-0.25585940973826
2.8502100000000	-0.25749439781925
2.8502200000000	-0.25932546642833
2.8502300000000	-0.26108827215168
2.8502400000000	-0.26278268195768
2.8502500000000	-0.26468229148713
2.8502600000000	-0.26651071901257
2.8502700000000	-0.26826781864632
2.8502800000000	-0.27023980388108
2.8502900000000	-0.27213752675608
2.8503000000000	-0.27396082700209
2.8503100000000	-0.27600930885801
2.8503200000000	-0.27798027633377
2.8503300000000	-0.27987355305546
2.8503400000000	-0.28200296488533
2.8503500000000	-0.28405142750435
2.8503600000000	-0.28601874648631
2.8503700000000	-0.28823386322651
2.8503800000000	-0.29036440120716
2.8503900000000	-0.29241014574593
2.8504000000000	-0.29471611625723
2.8504100000000	-0.29693367102632
2.8504200000000	-0.29906257261893
2.8504300000000	-0.30146495561506
2.8504400000000	-0.30377486488205
2.8504500000000	-0.30599203740644
2.8504600000000	-0.30849684142413
2.8504700000000	-0.31090487825414
2.8504800000000	-0.31321585609541
2.8504900000000	-0.31582958402180
2.8505000000000	-0.31834200041891
2.8505100000000	-0.32075278105822
2.8505200000000	-0.32348247980164
2.8505300000000	-0.32610605539858
2.8505400000000	-0.32862314705853
2.8505500000000	-0.33147646303719
2.8505600000000	-0.33421855956580
2.8505700000000	-0.33684903459196
2.8505800000000	-0.33983427580722
2.8505900000000	-0.34270289812547
2.8506000000000	-0.34545445288653
2.8506100000000	-0.34858065846565
2.8506200000000	-0.35158452303491
2.8506300000000	-0.35446554524241
2.8506400000000	-0.35774256345760
2.8506500000000	-0.36089117529279
2.8506600000000	-0.36391081977530
2.8506700000000	-0.36734939570647
2.8506800000000	-0.37065313498249
2.8506900000000	-0.37382140911356
2.8507000000000	-0.37743328328867
2.8507100000000	-0.38090350296139
2.8507200000000	-0.38423136312350
2.8507300000000	-0.38802938267925
2.8507400000000	-0.39167851869771
2.8507500000000	-0.39517797938411
2.8507600000000	-0.39917622352422
2.8507700000000	-0.40301791944801
2.8507800000000	-0.40670217685839
2.8507900000000	-0.41091609866310
2.8508000000000	-0.41496534679343
2.8508100000000	-0.41884891907967
2.8508200000000	-0.42329550604285
2.8508300000000	-0.42756880750956
2.8508400000000	-0.43166769417196
2.8508500000000	-0.43636565021397
2.8508600000000	-0.44088119684856
2.8508700000000	-0.44521306020158
2.8508800000000	-0.45018301235148
2.8508900000000	-0.45496089364579
2.8509000000000	-0.45954526574794
2.8509100000000	-0.46480999918934
2.8509200000000	-0.46987243816919
2.8509300000000	-0.47473095717766
2.8509400000000	-0.48031568296601
2.8509500000000	-0.48568730544999
2.8509600000000	-0.49084398603098
2.8509700000000	-0.49677664647772
2.8509800000000	-0.50248478892324
2.8509900000000	-0.50796633212707
2.8510000000000	-0.51427794967323
2.8510100000000	-0.52035301169424
2.8510200000000	-0.52618916062801
2.8510300000000	-0.53291423698582
2.8510400000000	-0.53939008563310
2.8510500000000	-0.54561403434623
2.8510600000000	-0.55279100780782
2.8510700000000	-0.55970544191095
2.8510800000000	-0.56635430618613
2.8510900000000	-0.57402607631116
2.8511000000000	-0.58142136058101
2.8511100000000	-0.58853672081212
2.8511200000000	-0.59675125122649
2.8511300000000	-0.60467473144765
2.8511400000000	-0.61230325955620
2.8511500000000	-0.62111427138721
2.8511600000000	-0.62961908396348
2.8511700000000	-0.63781326835512
2.8511800000000	-0.64728103887632
2.8511900000000	-0.65642693020818
2.8512000000000	-0.66524591517557
2.8512100000000	-0.67543819865304
2.8512200000000	-0.68529247243363
2.8512300000000	-0.69480303122159
2.8512400000000	-0.70579612169406
2.8512500000000	-0.71643473519180
2.8512600000000	-0.72671239918184
2.8512700000000	-0.73859235808208
2.8512800000000	-0.75010119193946
2.8512900000000	-0.76123156216062
2.8513000000000	-0.77409563728632
2.8513100000000	-0.78657196728135
2.8513200000000	-0.79865223873008
2.8513300000000	-0.81261050511668
2.8513400000000	-0.82616470876718
2.8513500000000	-0.83930544287755
2.8513600000000	-0.85448270064722
2.8513700000000	-0.86924023648973
2.8513800000000	-0.88356742249954
2.8513900000000	-0.90010539165167
2.8514000000000	-0.91620909440641
2.8514100000000	-0.93186654630574
2.8514200000000	-0.94992640367703
2.8514300000000	-0.96753914428863
2.8514400000000	-0.98469128640338
2.8514500000000	-1.0044565953254
2.8514600000000	-1.0237643607525
2.8514700000000	-1.0425994615132
2.8514800000000	-1.0642795499490
2.8514900000000	-1.0854950033260
2.8515000000000	-1.1062289231763
2.8515100000000	-1.1300627705729
2.8515200000000	-1.1534293573401
2.8515300000000	-1.1763098822999
2.8515400000000	-1.2025705785726
2.8515500000000	-1.2283672476964
2.8515600000000	-1.2536790840596
2.8515700000000	-1.2826789248656
2.8515800000000	-1.3112255350877
2.8515900000000	-1.3392960417681
2.8516000000000	-1.3713923211151
2.8516100000000	-1.4030557987780
2.8516200000000	-1.4342615302532
2.8516300000000	-1.4698630827303
2.8516400000000	-1.5050643880733
2.8516500000000	-1.5398385103647
2.8516600000000	-1.5794130383158
2.8516700000000	-1.6186349784900
2.8516800000000	-1.6574756003609
2.8516900000000	-1.7015577935382
2.8517000000000	-1.7453536900540
2.8517100000000	-1.7888331183286
2.8517200000000	-1.8380335314728
2.8517300000000	-1.8870367038617
2.8517400000000	-1.9358115817921
2.8517500000000	-1.9908261768136
2.8517600000000	-2.0457601402951
2.8517700000000	-2.1005823586856
2.8517800000000	-2.1622025402658
2.8517900000000	-2.2238917312995
2.8518000000000	-2.2856199121006
2.8518100000000	-2.3547427897570
2.8518200000000	-2.4241235316317
2.8518300000000	-2.4937347758666
2.8518400000000	-2.5713732772441
2.8518500000000	-2.6495045848922
2.8518600000000	-2.7281060599970
2.8518700000000	-2.8153984120964
2.8518800000000	-2.9034721273245
2.8518900000000	-2.9923119623842
2.8519000000000	-3.0905299735078
2.8519100000000	-3.1898796461163
2.8519200000000	-3.2903565387395
2.8519300000000	-3.4009120896029
2.8519400000000	-3.5130200168791
2.8519500000000	-3.6266909787402
2.8519600000000	-3.7511402144148
2.8519700000000	-3.8776421733395
2.8519800000000	-4.0062280087535
2.8519900000000	-4.1462729639779
2.8520000000000	-4.2889604686542
2.8520100000000	-4.4343489446490
2.8520200000000	-4.5918367697757
2.8520300000000	-4.7526571907198
2.8520400000000	-4.9169044390145
2.8520500000000	-5.0938250047373
2.8520600000000	-5.2748805582183
2.8520700000000	-5.4602119860999
2.8520800000000	-5.6586953022797
2.8520900000000	-5.8622425820206
2.8521000000000	-6.0710552293964
2.8521100000000	-6.2933704752386
2.8521200000000	-6.5218224213194
2.8521300000000	-6.7566907421293
2.8521400000000	-7.0052482122158
2.8521500000000	-7.2611794609287
2.8521600000000	-7.5248649756359
2.8521700000000	-7.8022180929491
2.8521800000000	-8.0883693115111
2.8521900000000	-8.3838277409722
2.8522000000000	-8.6926661531923
2.8522100000000	-9.0119341876305
2.8522200000000	-9.3423014741014
2.8522300000000	-9.6854024493025
2.8522400000000	-10.040772977545
2.8522500000000	-10.409273153310
2.8522600000000	-10.789334004145
2.8522700000000	-11.183654442256
2.8522800000000	-11.593293982908
2.8522900000000	-12.012461076222
2.8523000000000	-12.447810698597
2.8523100000000	-12.900537935709
2.8523200000000	-13.359210581741
2.8523300000000	-13.835314068516
2.8523400000000	-14.329914369044
2.8523500000000	-14.823903333600
2.8523600000000	-15.334404966047
2.8523700000000	-15.861620069717
2.8523800000000	-16.375913570866
2.8523900000000	-16.900452240941
2.8524000000000	-17.433014929385
2.8524100000000	-17.930262945202
2.8524200000000	-18.421178907416
2.8524300000000	-18.899282988349
2.8524400000000	-19.307529201816
2.8524500000000	-19.681248260656
2.8524600000000	-20.011509277735
2.8524700000000	-20.238609159436
2.8524800000000	-20.407456673802
2.8524900000000	-20.515079187620
2.8525000000000	-20.518334991270
2.8525100000000	-20.468697930825
2.8525200000000	-20.371786057102
2.8525300000000	-20.205452462631
2.8525400000000	-20.012736589192
2.8525500000000	-19.800198655389
2.8525600000000	-19.557708041044
2.8525700000000	-19.311403748450
2.8525800000000	-19.064711029817
2.8525900000000	-18.813500927236
2.8526000000000	-18.569750103985
2.8526100000000	-18.334488847162
2.8526200000000	-18.107387572270
2.8526300000000	-17.891564852984
2.8526400000000	-17.686994407581
2.8526500000000	-17.495985366092
2.8526600000000	-17.316694977145
2.8526700000000	-17.148780891697
2.8526800000000	-16.996294752419
2.8526900000000	-16.854765945055
2.8527000000000	-16.723837471205
2.8527100000000	-16.608606738265
2.8527200000000	-16.503311455336
2.8527300000000	-16.407679317810
2.8527400000000	-16.327342665852
2.8527500000000	-16.256019428449
2.8527600000000	-16.193543612452
2.8527700000000	-16.145720606334
2.8527800000000	-16.106207428004
2.8527900000000	-16.074940632404
2.8528000000000	-16.057644128459
2.8528100000000	-16.048197876281
2.8528200000000	-16.046631832992
2.8528300000000	-16.058406332511
2.8528400000000	-16.077809656017
2.8528500000000	-16.104957651640
2.8528600000000	-16.144910955007
2.8528700000000	-16.192497087507
2.8528800000000	-16.247913993636
2.8528900000000	-16.315712739338
2.8529000000000	-16.391363226896
2.8529100000000	-16.475145648606
2.8529200000000	-16.571002456157
2.8529300000000	-16.675138592930
2.8529400000000	-16.787919943333
2.8529500000000	-16.912578559477
2.8529600000000	-17.046148642918
2.8529700000000	-17.189086839331
2.8529800000000	-17.343795962187
2.8529900000000	-17.508243807241
2.8530000000000	-17.682980587916
2.8530100000000	-17.869425460700
2.8530200000000	-18.066598963402
2.8530300000000	-18.275136176798
2.8530400000000	-18.495254148628
2.8530500000000	-18.727157019525
2.8530600000000	-18.971522531531
2.8530700000000	-19.227034222991
2.8530800000000	-19.495200166497
2.8530900000000	-19.776613643565
2.8531000000000	-20.067891847915
2.8531100000000	-20.371888690094
2.8531200000000	-20.688786804132
2.8531300000000	-21.012248577953
2.8531400000000	-21.346277088582
2.8531500000000	-21.689900478845
2.8531600000000	-22.032381092689
2.8531700000000	-22.378175700414
2.8531800000000	-22.723761975428
2.8531900000000	-23.052111918018
2.8532000000000	-23.366991296919
2.8532100000000	-23.660867215185
2.8532200000000	-23.910028161218
2.8532300000000	-24.117919272828
2.8532400000000	-24.274932773468
2.8532500000000	-24.357006493358
2.8532600000000	-24.372708821942
2.8532700000000	-24.318613490842
2.8532800000000	-24.182343794513
2.8532900000000	-23.981739248998
2.8533000000000	-23.723217695677
2.8533100000000	-23.407454193004
2.8533200000000	-23.053580845156
2.8533300000000	-22.670253581406
2.8533400000000	-22.262427751111
2.8533500000000	-21.842144836908
2.8533600000000	-21.414813149564
2.8533700000000	-20.985029280276
2.8533800000000	-20.557372327657
2.8533900000000	-20.134129111622
2.8534000000000	-19.719283006165
2.8534100000000	-19.312610518993
2.8534200000000	-18.914717447657
2.8534300000000	-18.529502263827
2.8534400000000	-18.154127911474
2.8534500000000	-17.788486718111
2.8534600000000	-17.436659871248
2.8534700000000	-17.094475289382
2.8534800000000	-16.761578471165
2.8534900000000	-16.442275831568
2.8535000000000	-16.131743208673
2.8535100000000	-15.829575676643
2.8535200000000	-15.540256871146
2.8535300000000	-15.258671671822
2.8535400000000	-14.984438974262
2.8535500000000	-14.722152019397
2.8535600000000	-14.466598703138
2.8535700000000	-14.217444733822
2.8535800000000	-13.979331978843
2.8535900000000	-13.747057574774
2.8536000000000	-13.520336748378
2.8536100000000	-13.303812284318
2.8536200000000	-13.092349380894
2.8536300000000	-12.885708221682
2.8536400000000	-12.688497676425
2.8536500000000	-12.495683349588
2.8536600000000	-12.307063859554
2.8536700000000	-12.127189873526
2.8536800000000	-11.951144471214
2.8536900000000	-11.778758272659
2.8537000000000	-11.614507530757
2.8537100000000	-11.453600799588
2.8537200000000	-11.295895049080
2.8537300000000	-11.145781904850
2.8537400000000	-10.998597881017
2.8537500000000	-10.854221570749
2.8537600000000	-10.716954149173
2.8537700000000	-10.582259166851
2.8537800000000	-10.450032975898
2.8537900000000	-10.324483663957
2.8538000000000	-10.201198767365
2.8538100000000	-10.080089268917
2.8538200000000	-9.9652698306761
2.8538300000000	-9.8524475995147
2.8538400000000	-9.7415456639557
2.8538500000000	-9.6365865700545
2.8538600000000	-9.5333918901715
2.8538700000000	-9.4318947784896
2.8538800000000	-9.3360281437984
2.8538900000000	-9.2417223266902
2.8539000000000	-9.1489188931710
2.8539100000000	-9.0614644097743
2.8539200000000	-8.9753920818318
2.8539300000000	-8.8906505400318
2.8539400000000	-8.8110038581288
2.8539500000000	-8.7325821106487
2.8539600000000	-8.6553398894437
2.8539700000000	-8.5829629841565
2.8539800000000	-8.5116723577782
2.8539900000000	-8.4414276539260
2.8540000000000	-8.3758407992004
2.8540100000000	-8.3112177545483
2.8540200000000	-8.2475224613255
2.8540300000000	-8.1882975055061
2.8540400000000	-8.1299280996455
2.8540500000000	-8.0723818538536
2.8540600000000	-8.0191365525448
2.8540700000000	-7.9666510969769
2.8540800000000	-7.9148962383292
2.8540900000000	-7.8672894500314
2.8541000000000	-7.8203579715956
2.8541100000000	-7.7740752502726
2.8541200000000	-7.7318028399027
2.8541300000000	-7.6901312022811
2.8541400000000	-7.6490361037397
2.8541500000000	-7.6118274307772
2.8541600000000	-7.5751540030938
2.8541700000000	-7.5389935855543
2.8541800000000	-7.5066084783376
2.8541900000000	-7.4747012601133
2.8542000000000	-7.4432514210030
2.8542100000000	-7.4154775582514
2.8542200000000	-7.3881316878018
2.8542300000000	-7.3611947917251
2.8542400000000	-7.3378454277392
2.8542500000000	-7.3148810151791
2.8542600000000	-7.2922838289238
2.8542700000000	-7.2731958109361
2.8542800000000	-7.2544560480003
2.8542900000000	-7.2360479381981
2.8543000000000	-7.2210799738879
2.8543100000000	-7.2064294815107
2.8543200000000	-7.1920808385767
2.8543300000000	-7.1811119792344
2.8543400000000	-7.1704353607048
2.8543500000000	-7.1600362190376
2.8543600000000	-7.1529645298104
2.8543700000000	-7.1461651027828
2.8543800000000	-7.1396239322101
2.8543900000000	-7.1363653255754
2.8544000000000	-7.1333640105844
2.8544100000000	-7.1306066580866
2.8544200000000	-7.1310938704790
2.8544300000000	-7.1318282170736
2.8544400000000	-7.1327969810201
2.8544500000000	-7.1369786755670
2.8544600000000	-7.1414020100102
2.8544700000000	-7.1460548317710
2.8544800000000	-7.1538948125583
2.8544900000000	-7.1619754933163
2.8545000000000	-7.1702852532364
2.8545100000000	-7.1817617785375
2.8545200000000	-7.1934825476727
2.8545300000000	-7.2054364541627
2.8545400000000	-7.2205416377436
2.8545500000000	-7.2358990578960
2.8545600000000	-7.2514981198707
2.8545700000000	-7.2702374108900
2.8545800000000	-7.2892413788675
2.8545900000000	-7.3084999530402
2.8546000000000	-7.3308916862816
2.8546100000000	-7.3535650154359
2.8546200000000	-7.3765104210760
2.8546300000000	-7.4025854303212
2.8546400000000	-7.4289634949389
2.8546500000000	-7.4556356897276
2.8546600000000	-7.4854369780632
2.8546700000000	-7.5155674139286
2.8546800000000	-7.5460187254599
2.8546900000000	-7.5796011872166
2.8547000000000	-7.6135436434540
2.8547100000000	-7.6478385518775
2.8547200000000	-7.6852690416383
2.8547300000000	-7.7230952839061
2.8547400000000	-7.7613105605613
2.8547500000000	-7.8026668198876
2.8547600000000	-7.8444596750501
2.8547700000000	-7.8866833461874
2.8547800000000	-7.9320547319978
2.8547900000000	-7.9779088597035
2.8548000000000	-8.0242410232845
2.8548100000000	-8.0737281136985
2.8548200000000	-8.1237496408923
2.8548300000000	-8.1743021317010
2.8548400000000	-8.2280166588197
2.8548500000000	-8.2823231469507
2.8548600000000	-8.3372195406563
2.8548700000000	-8.3952843630756
2.8548800000000	-8.4540048175173
2.8548900000000	-8.5133804798643
2.8549000000000	-8.5759295968241
2.8549100000000	-8.6392045211354
2.8549200000000	-8.7032067056681
2.8549300000000	-8.7703853161324
2.8549400000000	-8.8383668152144
2.8549500000000	-8.9071548144467
2.8549600000000	-8.9791194259329
2.8549700000000	-9.0519713637978
2.8549800000000	-9.1257167205936
2.8549900000000	-9.2026353141361
2.8550000000000	-9.2805335337660
2.8550100000000	-9.3594203214890
2.8550200000000	-9.4414725809657
2.8550300000000	-9.5246051955863
2.8550400000000	-9.6088303777549
2.8550500000000	-9.6962079935597
2.8550600000000	-9.7847757607399
2.8550700000000	-9.8745496430583
2.8550800000000	-9.9674567021045
2.8550900000000	-10.061673494148
2.8551000000000	-10.157220284115
2.8551100000000	-10.255873760123
2.8551200000000	-10.355967146477
2.8551300000000	-10.457525638341
2.8551400000000	-10.562155998382
2.8551500000000	-10.668367957982
2.8551600000000	-10.776192363187
2.8551700000000	-10.887044308447
2.8551800000000	-10.999632092279
2.8551900000000	-11.113993038315
2.8552000000000	-11.231326398986
2.8552100000000	-11.350563565261
2.8552200000000	-11.471749288260
2.8552300000000	-11.595840094266
2.8552400000000	-11.722017740824
2.8552500000000	-11.850335500017
2.8552600000000	-11.981477250772
2.8552700000000	-12.114905471292
2.8552800000000	-12.250683215697
2.8552900000000	-12.389188373510
2.8553000000000	-12.530197965776
2.8553100000000	-12.673786286009
2.8553200000000	-12.819988018429
2.8553300000000	-12.968932474328
2.8553400000000	-13.120706874303
2.8553500000000	-13.274961071051
2.8553600000000	-13.432218878730
2.8553700000000	-13.592582403593
2.8553800000000	-13.755269993136
2.8553900000000	-13.921247281916
2.8554000000000	-14.090633539713
2.8554100000000	-14.262163128938
2.8554200000000	-14.437296686588
2.8554300000000	-14.616173300957
2.8554400000000	-14.796984158344
2.8554500000000	-14.981744848218
2.8554600000000	-15.170617378494
2.8554700000000	-15.361182776446
2.8554800000000	-15.556079377698
2.8554900000000	-15.755495739600
2.8555000000000	-15.956326664297
2.8555100000000	-16.161910152355
2.8555200000000	-16.372465567653
2.8555300000000	-16.584114795051
2.8555400000000	-16.800983070175
2.8555500000000	-17.023325565665
2.8555600000000	-17.246392089516
2.8555700000000	-17.475195149806
2.8555800000000	-17.710031615784
2.8555900000000	-17.945165398500
2.8556000000000	-18.186610939724
2.8556100000000	-18.434713746437
2.8556200000000	-18.682620749091
2.8556300000000	-18.937480161479
2.8556400000000	-19.199694322370
2.8556500000000	-19.461141762084
2.8556600000000	-19.730256490761
2.8556700000000	-20.007507364532
2.8556800000000	-20.283329160508
2.8556900000000	-20.567617419181
2.8557000000000	-20.860918978012
2.8557100000000	-21.152021410625
2.8557200000000	-21.452485323321
2.8557300000000	-21.762949127496
2.8557400000000	-22.070316905679
2.8557500000000	-22.388050367213
2.8557600000000	-22.716895660013
2.8557700000000	-23.041598976655
2.8557800000000	-23.377797000329
2.8557900000000	-23.726362932936
2.8558000000000	-24.069566877861
2.8558100000000	-24.425538168395
2.8558200000000	-24.795300366603
2.8558300000000	-25.158279581284
2.8558400000000	-25.535465921569
2.8558500000000	-25.928061894342
2.8558600000000	-26.312226083436
2.8558700000000	-26.712235439525
2.8558800000000	-27.129507422095
2.8558900000000	-27.536447894231
2.8559000000000	-27.961113619423
2.8559100000000	-28.405184164522
2.8559200000000	-28.836758272380
2.8559300000000	-29.288244631176
2.8559400000000	-29.761649706072
2.8559500000000	-30.220127249820
2.8559600000000	-30.701109056000
2.8559700000000	-31.207021670840
2.8559800000000	-31.695315811185
2.8559900000000	-32.209253889744
2.8560000000000	-32.751819274372
2.8560100000000	-33.273780441794
2.8560200000000	-33.825245658242
2.8560300000000	-34.409945524562
2.8560400000000	-34.970478789279
2.8560500000000	-35.565157245851
2.8560600000000	-36.198652970229
2.8560700000000	-36.802637040658
2.8560800000000	-37.445483615218
2.8560900000000	-38.132648880772
2.8561000000000	-38.778765051634
2.8561100000000	-39.464535246432
2.8561200000000	-40.194109878111
2.8561300000000	-40.850505957278
2.8561400000000	-41.528235294299
2.8561500000000	-42.221817569357
2.8561600000000	-42.754479304307
2.8561700000000	-43.238851211954
2.8561800000000	-43.652608705024
2.8561900000000	-43.796221432257
2.8562000000000	-43.813911917298
2.8562100000000	-43.601150113030
2.8562200000000	-43.147133119893
2.8562300000000	-42.631549634990
2.8562400000000	-42.082156572406
2.8562500000000	-41.354087983266
2.8562600000000	-40.657142367701
2.8562700000000	-39.996291220841
2.8562800000000	-39.244217868283
2.8562900000000	-38.551309124861
2.8563000000000	-37.911177566499
2.8563100000000	-37.215665246961
2.8563200000000	-36.578130721160
2.8563300000000	-35.990799605162
2.8563400000000	-35.363408073044
2.8563500000000	-34.786500143912
2.8563600000000	-34.253417763421
2.8563700000000	-33.688417172310
2.8563800000000	-33.166474350514
2.8563900000000	-32.682255087329
2.8564000000000	-32.171504608661
2.8564100000000	-31.697641353633
2.8564200000000	-31.256415811733
2.8564300000000	-30.792766341086
2.8564400000000	-30.361048471250
2.8564500000000	-29.957843422672
2.8564600000000	-29.535581311597
2.8564700000000	-29.141263223822
2.8564800000000	-28.772104549071
2.8564900000000	-28.386745396529
2.8565000000000	-28.026085110455
2.8565100000000	-27.687830347763
2.8565200000000	-27.335842223604
2.8565300000000	-27.005879748445
2.8565400000000	-26.696037288833
2.8565500000000	-26.374616858199
2.8565600000000	-26.072997647360
2.8565700000000	-25.789585587849
2.8565800000000	-25.496496914992
2.8565900000000	-25.221345191881
2.8566000000000	-24.962790899036
2.8566100000000	-24.696253557044
2.8566200000000	-24.446084708767
2.8566300000000	-24.211155995200
2.8566400000000	-23.969768452925
2.8566500000000	-23.743429624773
2.8566600000000	-23.531188908025
2.8566700000000	-23.313876823997
2.8566800000000	-23.110507751046
2.8566900000000	-22.920282984718
2.8567000000000	-22.726265534834
2.8567100000000	-22.545274375200
2.8567200000000	-22.376642738100
2.8567300000000	-22.205412654037
2.8567400000000	-22.046463583577
2.8567500000000	-21.899245512408
2.8567600000000	-21.750560211007
2.8567700000000	-21.613570876140
2.8567800000000	-21.487833096147
2.8567900000000	-21.361715349228
2.8568000000000	-21.246863097649
2.8568100000000	-21.142929938522
2.8568200000000	-21.039677097183
2.8568300000000	-20.947413275908
2.8568400000000	-20.865885760684
2.8568500000000	-20.786086579360
2.8568600000000	-20.717158001276
2.8568700000000	-20.658939779296
2.8568800000000	-20.603497107609
2.8568900000000	-20.558972645537
2.8569000000000	-20.525300271500
2.8569100000000	-20.495455555508
2.8569200000000	-20.476752751511
2.8569300000000	-20.469223818302
2.8569400000000	-20.466573759008
2.8569500000000	-20.475473100521
2.8569600000000	-20.496056412259
2.8569700000000	-20.522539385532
2.8569800000000	-20.561157441446
2.8569900000000	-20.612148168480
2.8570000000000	-20.669949343087
2.8570100000000	-20.740604802717
2.8570200000000	-20.824439380700
2.8570300000000	-20.915699111730
2.8570400000000	-21.020522133191
2.8570500000000	-21.139258918262
2.8570600000000	-21.265325681365
2.8570700000000	-21.405275400842
2.8570800000000	-21.559307347052
2.8570900000000	-21.718969340628
2.8571000000000	-21.891535735029
2.8571100000000	-22.076615427780
2.8571200000000	-22.262167654336
2.8571300000000	-22.456364537699
2.8571400000000	-22.657291061829
2.8571500000000	-22.846664790552
2.8571600000000	-23.033548188124
2.8571700000000	-23.213089595612
2.8571800000000	-23.357881462300
2.8571900000000	-23.478545670779
2.8572000000000	-23.567105663009
2.8572100000000	-23.587923977057
2.8572200000000	-23.557443554320
2.8572300000000	-23.469624316272
2.8572400000000	-23.290462163382
2.8572500000000	-23.048880646737
2.8572600000000	-22.747733551710
2.8572700000000	-22.364564636657
2.8572800000000	-21.936753975899
2.8572900000000	-21.472693363907
2.8573000000000	-20.958883445602
2.8573100000000	-20.428170333843
2.8573200000000	-19.887057525051
2.8573300000000	-19.325731570131
2.8573400000000	-18.766570549306
2.8573500000000	-18.212503844357
2.8573600000000	-17.656232607605
2.8573700000000	-17.110852063400
2.8573800000000	-16.577070665790
2.8573900000000	-16.050373247861
2.8574000000000	-15.537222503571
2.8574100000000	-15.037368927970
2.8574200000000	-14.549117577836
2.8574300000000	-14.074339682466
2.8574400000000	-13.612483642413
2.8574500000000	-13.164405651822
2.8574600000000	-12.728711430588
2.8574700000000	-12.304821055860
2.8574800000000	-11.895759113763
2.8574900000000	-11.497722781182
2.8575000000000	-11.110199243843
2.8575100000000	-10.737995135181
2.8575200000000	-10.375482106249
2.8575300000000	-10.022236362756
2.8575400000000	-9.6844947733791
2.8575500000000	-9.3552284441078
2.8575600000000	-9.0340972486421
2.8575700000000	-8.7284577393490
2.8575800000000	-8.4302118308837
2.8575900000000	-8.1390895866242
2.8576000000000	-7.8632949191566
2.8576100000000	-7.5939333582611
2.8576200000000	-7.3307910591814
2.8576300000000	-7.0826807817319
2.8576400000000	-6.8401445969397
2.8576500000000	-6.6030126753805
2.8576600000000	-6.3804985256848
2.8576700000000	-6.1627832482446
2.8576800000000	-5.9497315935225
2.8576900000000	-5.7507779278717
2.8577000000000	-5.5559187831382
2.8577100000000	-5.3650464937675
2.8577200000000	-5.1876630934083
2.8577300000000	-5.0137326269341
2.8577400000000	-4.8431699575166
2.8577500000000	-4.6854169671021
2.8577600000000	-4.5305337083506
2.8577700000000	-4.3784539082499
2.8577800000000	-4.2384553432546
2.8577900000000	-4.1007996148533
2.8578000000000	-3.9654365554846
2.8578100000000	-3.8413979090532
2.8578200000000	-3.7192304290219
2.8578300000000	-3.5988978344727
2.8578400000000	-3.4891237670306
2.8578500000000	-3.3808033585266
2.8578600000000	-3.2739122933120
2.8578700000000	-3.1768214931344
2.8578800000000	-3.0808193776400
2.8578900000000	-2.9858918380415
2.8579000000000	-2.9000274036376
2.8579100000000	-2.8149367739373
2.8579200000000	-2.7306143957921
2.8579300000000	-2.6546492019841
2.8579400000000	-2.5791897911554
2.8579500000000	-2.5042376143725
2.8579600000000	-2.4369749349021
2.8579700000000	-2.3699930075915
2.8579800000000	-2.3032988521194
2.8579900000000	-2.2436689974045
2.8580000000000	-2.1841335891102
2.8580100000000	-2.1247039173205
2.8580200000000	-2.0717577340965
2.8580300000000	-2.0187539983458
2.8580400000000	-1.9657071267615
2.8580500000000	-1.9186079623545
2.8580600000000	-1.8713291546438
2.8580700000000	-1.8238872667456
2.8580800000000	-1.7819009651938
2.8580900000000	-1.7396386695699
2.8581000000000	-1.6971182712071
2.8581100000000	-1.6596032594858
2.8581200000000	-1.6217377757301
2.8581300000000	-1.5835403750119
2.8581400000000	-1.5499376588701
2.8581500000000	-1.5159283706168
2.8581600000000	-1.4815312044071
2.8581700000000	-1.4513547869022
2.8581800000000	-1.4207309778973
2.8581900000000	-1.3896782088480
2.8582000000000	-1.3625061618188
2.8582100000000	-1.3348584838385
2.8582200000000	-1.3067530466902
2.8582300000000	-1.2822193605364
2.8582400000000	-1.2571920603141
2.8582500000000	-1.2316882482921
2.8582600000000	-1.2094755087758
2.8582700000000	-1.1867594518149
2.8582800000000	-1.1635562710187
2.8582900000000	-1.1433891589209
2.8583000000000	-1.1227156405054
2.8583100000000	-1.1015509176572
2.8583200000000	-1.0831904931388
2.8583300000000	-1.0643257967117
2.8583400000000	-1.0449709989648
2.8583500000000	-1.0282097125007
2.8583600000000	-1.0109503581392
2.8583700000000	-0.99320606848737
2.8583800000000	-0.97786343042696
2.8583900000000	-0.96203204780334
2.8584000000000	-0.94572403275340
2.8584100000000	-0.93164287053151
2.8584200000000	-0.91708462859300
2.8584300000000	-0.90206043330617
2.8584400000000	-0.88910366675943
2.8584500000000	-0.87568319410016
2.8584600000000	-0.86180920227701
2.8584700000000	-0.84985707163872
2.8584800000000	-0.83745580567016
2.8584900000000	-0.82461470557770
2.8585000000000	-0.81356239224691
2.8585100000000	-0.80207630059934
2.8585200000000	-0.79016490382309
2.8585300000000	-0.77992049015327
2.8585400000000	-0.76925811363312
2.8585500000000	-0.75818547873238
2.8585600000000	-0.74866819927881
2.8585700000000	-0.73874897153576
2.8585800000000	-0.72843479032850
2.8585900000000	-0.71957353295559
2.8586000000000	-0.71032633764733
2.8586100000000	-0.70069954715909
2.8586200000000	-0.69243156788484
2.8586300000000	-0.68379349928409
2.8586400000000	-0.67479108723167
2.8586500000000	-0.66706090767390
2.8586600000000	-0.65897620531801
2.8586700000000	-0.65054218140158
2.8586800000000	-0.64330064208810
2.8586900000000	-0.63571977422385
2.8587000000000	-0.62780428337600
2.8587100000000	-0.62100773004352
2.8587200000000	-0.61388660423521
2.8587300000000	-0.60644516138317
2.8587400000000	-0.60005474475537
2.8587500000000	-0.59335402718608
2.8587600000000	-0.58634685604278
2.8587700000000	-0.58032792846461
2.8587800000000	-0.57401245616484
2.8587900000000	-0.56740391711826
2.8588000000000	-0.56172551190742
2.8588100000000	-0.55576378449667
2.8588200000000	-0.54952187886099
2.8588300000000	-0.54415626035566
2.8588400000000	-0.53851999985976
2.8588500000000	-0.53261593962718
2.8588600000000	-0.52753821371564
2.8588700000000	-0.52220198273630
2.8588800000000	-0.51660981657654
2.8588900000000	-0.51179759302455
2.8589000000000	-0.50673846297698
2.8589100000000	-0.50143475058581
2.8589200000000	-0.49686784977980
2.8589300000000	-0.49206511214721
2.8589400000000	-0.48702864021417
2.8589500000000	-0.48268883804271
2.8589600000000	-0.47812375263433
2.8589700000000	-0.47333528668520
2.8589800000000	-0.46920609220884
2.8589900000000	-0.46486166729960
2.8590000000000	-0.46030373450041
2.8590100000000	-0.45637019585703
2.8590200000000	-0.45223099583323
2.8590300000000	-0.44788769456214
2.8590400000000	-0.44413622922123
2.8590500000000	-0.44018820599147
2.8590600000000	-0.43604503858350
2.8590700000000	-0.43246328463088
2.8590800000000	-0.42869362960666
2.8590900000000	-0.42473735519540
2.8591000000000	-0.42131404081113
2.8591100000000	-0.41771105471657
2.8591200000000	-0.41392955952629
2.8591300000000	-0.41065438822671
2.8591400000000	-0.40720736638769
2.8591500000000	-0.40358954921075
2.8591600000000	-0.40045309877192
2.8591700000000	-0.39715222986666
2.8591800000000	-0.39368790076899
2.8591900000000	-0.39068153404318
2.8592000000000	-0.38751781057922
2.8592100000000	-0.38419760115242
2.8592200000000	-0.38131338724204
2.8592300000000	-0.37827852626248
2.8592400000000	-0.37509380997135
2.8592500000000	-0.37232445443400
2.8592600000000	-0.36941082716511
2.8592700000000	-0.36635364853272
2.8592800000000	-0.36369243147801
2.8592900000000	-0.36089300080408
2.8593000000000	-0.35795601235034
2.8593100000000	-0.35539673344142
2.8593200000000	-0.35270499824030
2.8593300000000	-0.34988140423023
2.8593400000000	-0.34741833373796
2.8593500000000	-0.34482827924409
2.8593600000000	-0.34211178543088
2.8593700000000	-0.33973962060095
2.8593800000000	-0.33724567406933
2.8593900000000	-0.33463044271733
2.8594000000000	-0.33234426881025
2.8594100000000	-0.32994125985147
2.8594200000000	-0.32742186942408
2.8594300000000	-0.32521712487000
2.8594400000000	-0.32290024990683
2.8594500000000	-0.32047165887559
2.8594600000000	-0.31834410405952
2.8594700000000	-0.31610889442730
2.8594800000000	-0.31376640873287
2.8594900000000	-0.31171209798806
2.8595000000000	-0.30955439125994
2.8595100000000	-0.30729363501057
2.8595200000000	-0.30530889144996
2.8595300000000	-0.30322480562162
2.8595400000000	-0.30104169466876
2.8595500000000	-0.29912308753243
2.8595600000000	-0.29710899774704
2.8595700000000	-0.29499971581906
2.8595800000000	-0.29314404005568
2.8595900000000	-0.29119655758637
2.8596000000000	-0.28915753470261
2.8596100000000	-0.28736179253590
2.8596200000000	-0.28547774578019
2.8596300000000	-0.28350563870003
2.8596400000000	-0.28176702296330
2.8596500000000	-0.27994344023172
2.8596600000000	-0.27803511472014
2.8596700000000	-0.27635099376747
2.8596800000000	-0.27458508767504
2.8596900000000	-0.27273760239642
2.8597000000000	-0.27110550642157
2.8597100000000	-0.26939465971327
2.8597200000000	-0.26760525158207
2.8597300000000	-0.26602286019600
2.8597400000000	-0.26436461285675
2.8597500000000	-0.26263068369669
2.8597600000000	-0.26109581463355
2.8597700000000	-0.25948785215090
2.8597800000000	-0.25780695652994
2.8597900000000	-0.25631755536328
2.8598000000000	-0.25475769802474
2.8598100000000	-0.25312753214784
2.8598200000000	-0.25168166291539
2.8598300000000	-0.25016785603831
2.8598400000000	-0.24858624759319
2.8598500000000	-0.24718208423872
2.8598600000000	-0.24571238923815
2.8598700000000	-0.24417728810120
2.8598800000000	-0.24281310665139
2.8598900000000	-0.24138569286522
2.8599000000000	-0.23989516258477
2.8599100000000	-0.23856933398960
2.8599200000000	-0.23718247118715
2.8599300000000	-0.23573468116865
2.8599400000000	-0.23444566474060
2.8599500000000	-0.23309771624929
2.8599600000000	-0.23169093457784
2.8599700000000	-0.23043727197265
2.8599800000000	-0.22912668836444
2.8599900000000	-0.22775927520392
2.8600000000000	-0.22653958489106
