#Parameters = {n=0.01; f0=2856000000; lambda=0.10496934803922; l=0.0010496934803922; LL=0.19}
#"Frequency / GHz"	"S1,1 (19) [Magnitude in dB]"
#-----------------------------------------------
2.8500000000000	-0.24710930607165
2.8500100000000	-0.24888132074042
2.8500200000000	-0.25058889588855
2.8500300000000	-0.25223184484727
2.8500400000000	-0.25407058305958
2.8500500000000	-0.25584216563463
2.8500600000000	-0.25754638854223
2.8500700000000	-0.25945562165649
2.8500800000000	-0.26129483501725
2.8500900000000	-0.26306380541606
2.8501000000000	-0.26504759157841
2.8501100000000	-0.26695833646169
2.8501200000000	-0.26879579565301
2.8501300000000	-0.27085850719710
2.8501400000000	-0.27284498848816
2.8501500000000	-0.27475497164725
2.8501600000000	-0.27690132563617
2.8501700000000	-0.27896808224545
2.8501800000000	-0.28095494760484
2.8501900000000	-0.28319003993609
2.8502000000000	-0.28534197820606
2.8502100000000	-0.28741043972865
2.8502200000000	-0.28973978328547
2.8502300000000	-0.29198221440727
2.8502400000000	-0.29413737843342
2.8502500000000	-0.29656694583822
2.8502600000000	-0.29890562784215
2.8502700000000	-0.30115303427318
2.8502800000000	-0.30368930588874
2.8502900000000	-0.30613049085401
2.8503000000000	-0.30847615952220
2.8503100000000	-0.31112617744588
2.8503200000000	-0.31367666468259
2.8503300000000	-0.31612714766650
2.8503400000000	-0.31889857658605
2.8503500000000	-0.32156577266513
2.8503600000000	-0.32412821343252
2.8503700000000	-0.32702940934770
2.8503800000000	-0.32982139599657
2.8503900000000	-0.33250359640351
2.8504000000000	-0.33554368439428
2.8504100000000	-0.33846929545236
2.8504200000000	-0.34127979180681
2.8504300000000	-0.34446875421726
2.8504400000000	-0.34753766304126
2.8504500000000	-0.35048581264262
2.8504600000000	-0.35383458929151
2.8504700000000	-0.35705740825266
2.8504800000000	-0.36015348807136
2.8504900000000	-0.36367409037853
2.8505000000000	-0.36706248436873
2.8505100000000	-0.37031780382338
2.8505200000000	-0.37402344507096
2.8505300000000	-0.37759026129240
2.8505400000000	-0.38101729143860
2.8505500000000	-0.38492253579025
2.8505600000000	-0.38868195250497
2.8505700000000	-0.39229447437283
2.8505800000000	-0.39641540774428
2.8505900000000	-0.40038310515674
2.8506000000000	-0.40419638048728
2.8506100000000	-0.40855080694146
2.8506200000000	-0.41274416398454
2.8506300000000	-0.41677513223129
2.8506400000000	-0.42138280024858
2.8506500000000	-0.42582112175259
2.8506600000000	-0.43008862795404
2.8506700000000	-0.43497149177038
2.8506800000000	-0.43967627136596
2.8506900000000	-0.44420133039993
2.8507000000000	-0.44938385259569
2.8507100000000	-0.45437907773902
2.8507200000000	-0.45918518155624
2.8507300000000	-0.46469468429769
2.8507400000000	-0.47000719108528
2.8507500000000	-0.47512066684737
2.8507600000000	-0.48098774064979
2.8507700000000	-0.48664762761864
2.8507800000000	-0.49209805627850
2.8507900000000	-0.49835703694617
2.8508000000000	-0.50439814894152
2.8508100000000	-0.51021885577587
2.8508200000000	-0.51690838234880
2.8508300000000	-0.52336887782658
2.8508400000000	-0.52959750882734
2.8508500000000	-0.53676117800778
2.8508600000000	-0.54368419592357
2.8508700000000	-0.55036339691034
2.8508800000000	-0.55805053268407
2.8508900000000	-0.56548497855000
2.8509000000000	-0.57266319746233
2.8509100000000	-0.58092975855898
2.8509200000000	-0.58893123341360
2.8509300000000	-0.59666367066175
2.8509400000000	-0.60557332334219
2.8509500000000	-0.61420522450711
2.8509600000000	-0.62255496168894
2.8509700000000	-0.63218035122132
2.8509800000000	-0.64151517996493
2.8509900000000	-0.65055452389848
2.8510000000000	-0.66097878529092
2.8510100000000	-0.67109970419788
2.8510200000000	-0.68091179137074
2.8510300000000	-0.69223034869825
2.8510400000000	-0.70323304087484
2.8510500000000	-0.71391375737543
2.8510600000000	-0.72623647170905
2.8510700000000	-0.73823136536404
2.8510800000000	-0.74989164952118
2.8510900000000	-0.76334538839975
2.8511000000000	-0.77646032415468
2.8511100000000	-0.78922893385820
2.8511200000000	-0.80396065080229
2.8511300000000	-0.81834408572192
2.8511400000000	-0.83237093022955
2.8511500000000	-0.84855136142205
2.8511600000000	-0.86437622369060
2.8511700000000	-0.87983638100648
2.8511800000000	-0.89766448819321
2.8511900000000	-0.91513281982520
2.8512000000000	-0.93223138586317
2.8512100000000	-0.95193970007386
2.8512200000000	-0.97128825232097
2.8512300000000	-0.99026619719267
2.8512400000000	-1.0121272467518
2.8512500000000	-1.0336342236314
2.8512600000000	-1.0547754632037
2.8512700000000	-1.0791095011016
2.8512800000000	-1.1031026799740
2.8512900000000	-1.1267426063386
2.8513000000000	-1.1539268845787
2.8513100000000	-1.1807933768183
2.8513200000000	-1.2073291271419
2.8513300000000	-1.2378089958148
2.8513400000000	-1.2680069415884
2.8513500000000	-1.2979097166264
2.8513600000000	-1.3322118474119
2.8513700000000	-1.3662843597341
2.8513800000000	-1.4001141234696
2.8513900000000	-1.4388621612845
2.8514000000000	-1.4774538349353
2.8514100000000	-1.5158767232120
2.8514200000000	-1.5598096411554
2.8514300000000	-1.6036859052447
2.8514400000000	-1.6474946253860
2.8514500000000	-1.6974879748413
2.8514600000000	-1.7475574694852
2.8514700000000	-1.7976948579620
2.8514800000000	-1.8547849382236
2.8514900000000	-1.9121249035638
2.8515000000000	-1.9697105898135
2.8515100000000	-2.0351212714063
2.8515200000000	-2.1010056106504
2.8515300000000	-2.1673653695242
2.8515400000000	-2.2425368512737
2.8515500000000	-2.3184660267742
2.8515600000000	-2.3951628483831
2.8515700000000	-2.4817809753982
2.8515800000000	-2.5695121875823
2.8515900000000	-2.6583773272590
2.8516000000000	-2.7584012404569
2.8516100000000	-2.8599764323040
2.8516200000000	-2.9631377500269
2.8516300000000	-3.0788226398459
2.8516400000000	-3.1965908534479
2.8516500000000	-3.3164947309872
2.8516600000000	-3.4504055055574
2.8516700000000	-3.5870352111037
2.8516800000000	-3.7264575118578
2.8516900000000	-3.8814685985235
2.8517000000000	-4.0399452036070
2.8517100000000	-4.2019865461671
2.8517200000000	-4.3812633030765
2.8517300000000	-4.5648676362299
2.8517400000000	-4.7529292072791
2.8517500000000	-4.9598880063169
2.8517600000000	-5.1721535749420
2.8517700000000	-5.3898921448569
2.8517800000000	-5.6281391870840
2.8517900000000	-5.8727893028653
2.8518000000000	-6.1240536119300
2.8518100000000	-6.3973059778372
2.8518200000000	-6.6781749626543
2.8518300000000	-6.9669281786686
2.8518400000000	-7.2789214926810
2.8518500000000	-7.5998632707000
2.8518600000000	-7.9300929346404
2.8518700000000	-8.2844720346874
2.8518800000000	-8.6492467747889
2.8518900000000	-9.0248451262508
2.8519000000000	-9.4250055698146
2.8519100000000	-9.8370963139368
2.8519200000000	-10.261642324595
2.8519300000000	-10.710419353014
2.8519400000000	-11.172637912874
2.8519500000000	-11.648892212837
2.8519600000000	-12.147835714172
2.8519700000000	-12.661374084552
2.8519800000000	-13.190037089947
2.8519900000000	-13.737680941178
2.8520000000000	-14.299848376321
2.8520100000000	-14.876611024644
2.8520200000000	-15.464537286218
2.8520300000000	-16.063716638693
2.8520400000000	-16.672852988599
2.8520500000000	-17.277707606599
2.8520600000000	-17.883688514624
2.8520700000000	-18.486677824504
2.8520800000000	-19.058074358720
2.8520900000000	-19.609928398523
2.8521000000000	-20.135007218246
2.8521100000000	-20.591607908425
2.8521200000000	-21.002753194447
2.8521300000000	-21.363078455539
2.8521400000000	-21.629739661473
2.8521500000000	-21.841842979641
2.8521600000000	-22.002609470806
2.8521700000000	-22.080250755003
2.8521800000000	-22.122890405030
2.8521900000000	-22.138788951614
2.8522000000000	-22.105368143126
2.8522100000000	-22.065313948734
2.8522200000000	-22.024968473044
2.8522300000000	-21.965185226990
2.8522400000000	-21.918173499266
2.8522500000000	-21.887109528827
2.8522600000000	-21.853807365097
2.8522700000000	-21.842794259360
2.8522800000000	-21.855493793991
2.8522900000000	-21.873290748828
2.8523000000000	-21.917199627018
2.8523100000000	-21.988006984228
2.8523200000000	-22.064822132008
2.8523300000000	-22.168501603460
2.8523400000000	-22.299505559086
2.8523500000000	-22.432096059967
2.8523600000000	-22.589336687035
2.8523700000000	-22.770846925379
2.8523800000000	-22.942681611856
2.8523900000000	-23.131471670204
2.8524000000000	-23.334504976186
2.8524100000000	-23.506027604290
2.8524200000000	-23.676614145273
2.8524300000000	-23.839390182891
2.8524400000000	-23.936450154117
2.8524500000000	-24.003244224373
2.8524600000000	-24.030529738466
2.8524700000000	-23.959029623572
2.8524800000000	-23.832580579389
2.8524900000000	-23.647963301407
2.8525000000000	-23.363529048473
2.8525100000000	-23.028698247874
2.8525200000000	-22.648890827977
2.8525300000000	-22.204338646932
2.8525400000000	-21.735212634473
2.8525500000000	-21.247909471781
2.8525600000000	-20.735409847959
2.8525700000000	-20.220306541041
2.8525800000000	-19.705884455165
2.8525900000000	-19.191726997801
2.8526000000000	-18.685703626597
2.8526100000000	-18.188718185034
2.8526200000000	-17.704641121129
2.8526300000000	-17.232023205016
2.8526400000000	-16.770717910345
2.8526500000000	-16.327624734701
2.8526600000000	-15.895958617345
2.8526700000000	-15.475256553193
2.8526800000000	-15.074468584622
2.8526900000000	-14.683879873373
2.8527000000000	-14.303006424465
2.8527100000000	-13.942084378414
2.8527200000000	-13.589864491159
2.8527300000000	-13.245935520119
2.8527400000000	-12.921255699493
2.8527500000000	-12.603858774686
2.8527600000000	-12.293422287184
2.8527700000000	-12.001226171509
2.8527800000000	-11.715077345398
2.8527900000000	-11.434732506048
2.8528000000000	-11.171515234636
2.8528100000000	-10.913305940181
2.8528200000000	-10.659924897948
2.8528300000000	-10.422549255029
2.8528400000000	-10.189319058093
2.8528500000000	-9.9601033692369
2.8528600000000	-9.7458052783194
2.8528700000000	-9.5349393488091
2.8528800000000	-9.3274112596461
2.8528900000000	-9.1337667617842
2.8529000000000	-8.9429637617774
2.8529100000000	-8.7549351156166
2.8529200000000	-8.5798175926925
2.8529300000000	-8.4070506160323
2.8529400000000	-8.2365870971633
2.8529500000000	-8.0781258834870
2.8529600000000	-7.9216052104215
2.8529700000000	-7.7669927439946
2.8529800000000	-7.6235368141676
2.8529900000000	-7.4816773267433
2.8530000000000	-7.3413927800699
2.8530100000000	-7.2114801491506
2.8530200000000	-7.0828738202608
2.8530300000000	-6.9555602274714
2.8530400000000	-6.8378925545216
2.8530500000000	-6.7212855145777
2.8530600000000	-6.6057313368698
2.8530700000000	-6.4991528921045
2.8530800000000	-6.3934263239621
2.8530900000000	-6.2885480714974
2.8531000000000	-6.1920282261465
2.8531100000000	-6.0961823519598
2.8531200000000	-6.0010099199508
2.8531300000000	-5.9136284342323
2.8531400000000	-5.8267689645070
2.8531500000000	-5.7404331352758
2.8531600000000	-5.6613676619776
2.8531700000000	-5.5826942027009
2.8531800000000	-5.5044158776331
2.8531900000000	-5.4329312299349
2.8532000000000	-5.3617272582945
2.8532100000000	-5.2908080841043
2.8532200000000	-5.2262469250769
2.8532300000000	-5.1618710385789
2.8532400000000	-5.0976851741691
2.8532500000000	-5.0394598699376
2.8532600000000	-4.9813380866562
2.8532700000000	-4.9233249198678
2.8532800000000	-4.8709103622134
2.8532900000000	-4.8185293046322
2.8533000000000	-4.7661869748329
2.8533100000000	-4.7191143611114
2.8533200000000	-4.6720153302330
2.8533300000000	-4.6248950799946
2.8533400000000	-4.5827458558530
2.8533500000000	-4.5405190210242
2.8533600000000	-4.4982196208066
2.8533700000000	-4.4606208632782
2.8533800000000	-4.4229008455252
2.8533900000000	-4.3850643679688
2.8534000000000	-4.3516841620396
2.8534100000000	-4.3181455831592
2.8534200000000	-4.2844531177613
2.8534300000000	-4.2549965569503
2.8534400000000	-4.2253501854984
2.8534500000000	-4.1955181247454
2.8534600000000	-4.1697237455165
2.8534700000000	-4.1437130554091
2.8534800000000	-4.1174897735429
2.8534900000000	-4.0951263791673
2.8535000000000	-4.0725244801821
2.8535100000000	-4.0496873672270
2.8535200000000	-4.0305512019286
2.8535300000000	-4.0111581058380
2.8535400000000	-3.9915109233298
2.8535500000000	-3.9754231618293
2.8535600000000	-3.9590633516023
2.8535700000000	-3.9424338795756
2.8535800000000	-3.9292384006627
2.8535900000000	-3.9157586732515
2.8536000000000	-3.9019966207836
2.8536100000000	-3.8915580365971
2.8536200000000	-3.8808255925314
2.8536300000000	-3.8698007465185
2.8536400000000	-3.8620026618928
2.8536500000000	-3.8539034173442
2.8536600000000	-3.8455040063991
2.8536700000000	-3.8402474850328
2.8536800000000	-3.8346845841870
2.8536900000000	-3.8288158365253
2.8537000000000	-3.8260180528996
2.8537100000000	-3.8229105604823
2.8537200000000	-3.8194934365287
2.8537300000000	-3.8190864944569
2.8537400000000	-3.8183682500790
2.8537500000000	-3.8173383322115
2.8537600000000	-3.8192682326831
2.8537700000000	-3.8208868503395
2.8537800000000	-3.8221933737427
2.8537900000000	-3.8264191163255
2.8538000000000	-3.8303351138768
2.8538100000000	-3.8339401238917
2.8538200000000	-3.8404329273924
2.8538300000000	-3.8466189722195
2.8538400000000	-3.8524965948462
2.8538500000000	-3.8612392242087
2.8538600000000	-3.8696794824306
2.8538700000000	-3.8778152957787
2.8538800000000	-3.8888014833293
2.8538900000000	-3.8994910610473
2.8539000000000	-3.9098815565351
2.8539100000000	-3.9231155066714
2.8539200000000	-3.9360599726285
2.8539300000000	-3.9487120956065
2.8539400000000	-3.9642080628872
2.8539500000000	-3.9794230427445
2.8539600000000	-3.9943538029890
2.8539700000000	-4.0121357343058
2.8539800000000	-4.0296465674276
2.8539900000000	-4.0468827105908
2.8540000000000	-4.0669839427489
2.8540100000000	-4.0868253929847
2.8540200000000	-4.1064031246489
2.8540300000000	-4.1288661291854
2.8540400000000	-4.1510821416168
2.8540500000000	-4.1730468960649
2.8540600000000	-4.1979230636174
2.8540700000000	-4.2225665596882
2.8540800000000	-4.2469728059067
2.8540900000000	-4.2743222627849
2.8541000000000	-4.3014549665711
2.8541100000000	-4.3283660443344
2.8541200000000	-4.3582574943340
2.8541300000000	-4.3879497830416
2.8541400000000	-4.4174377622408
2.8541500000000	-4.4499483470091
2.8541600000000	-4.4822791191080
2.8541700000000	-4.5144246758004
2.8541800000000	-4.5496398474000
2.8541900000000	-4.5846964020824
2.8542000000000	-4.6195887050080
2.8542100000000	-4.6576021046623
2.8542200000000	-4.6954800266764
2.8542300000000	-4.7332166283856
2.8542400000000	-4.7741299657428
2.8542500000000	-4.8149330100426
2.8542600000000	-4.8556197371436
2.8542700000000	-4.8995426649139
2.8542800000000	-4.9433826360621
2.8542900000000	-4.9871334736323
2.8543000000000	-5.0341834529821
2.8543100000000	-5.0811800748318
2.8543200000000	-5.1281170406849
2.8543300000000	-5.1784191935170
2.8543400000000	-5.2286999654599
2.8543500000000	-5.2789529707139
2.8543600000000	-5.3326399158336
2.8543700000000	-5.3863399528614
2.8543800000000	-5.4400466462948
2.8543900000000	-5.4972583175651
2.8544000000000	-5.5545201724643
2.8544100000000	-5.6118257672651
2.8544200000000	-5.6727092131182
2.8544300000000	-5.7336826805595
2.8544400000000	-5.7947397635790
2.8544500000000	-5.8594489288058
2.8544600000000	-5.9242908326018
2.8544700000000	-5.9892591577886
2.8544800000000	-6.0579546502980
2.8544900000000	-6.1268286169806
2.8545000000000	-6.1958748866689
2.8545100000000	-6.2687237338318
2.8545200000000	-6.3417999577379
2.8545300000000	-6.4150975974960
2.8545400000000	-6.4922729989762
2.8545500000000	-6.5697280062965
2.8545600000000	-6.6474569414069
2.8545700000000	-6.7291380276498
2.8545800000000	-6.8111544492844
2.8545900000000	-6.8935008934178
2.8546000000000	-6.9798725014971
2.8546100000000	-7.0666388670902
2.8546200000000	-7.1537951362286
2.8546300000000	-7.2450476172459
2.8546400000000	-7.3367581853856
2.8546500000000	-7.4289225527545
2.8546600000000	-7.5252516275343
2.8546700000000	-7.6221062695115
2.8546800000000	-7.7194828796922
2.8546900000000	-7.8210895618547
2.8547000000000	-7.9232937189321
2.8547100000000	-8.0260925818934
2.8547200000000	-8.1331834945332
2.8547300000000	-8.2409485422518
2.8547400000000	-8.3493859482958
2.8547500000000	-8.4621725534039
2.8547600000000	-8.5757150599749
2.8547700000000	-8.6900128702324
2.8547800000000	-8.8087126046461
2.8547900000000	-8.9282555430402
2.8548000000000	-9.0486424817113
2.8548100000000	-9.1734788955458
2.8548200000000	-9.2992518414305
2.8548300000000	-9.4259637574023
2.8548400000000	-9.5571671285697
2.8548500000000	-9.6894069504023
2.8548600000000	-9.8226875877760
2.8548700000000	-9.9604957549704
2.8548800000000	-10.099447533040
2.8548900000000	-10.239549541754
2.8549000000000	-10.384208984408
2.8549100000000	-10.530127188303
2.8549200000000	-10.677313405371
2.8549300000000	-10.829080599658
2.8549400000000	-10.982230554214
2.8549500000000	-11.136775586819
2.8549600000000	-11.295918667560
2.8549700000000	-11.456578338475
2.8549800000000	-11.618770481735
2.8549900000000	-11.785571241178
2.8550000000000	-11.954033373101
2.8550100000000	-12.124176897095
2.8550200000000	-12.298933153792
2.8550300000000	-12.475507796127
2.8550400000000	-12.653925640167
2.8550500000000	-12.836954014195
2.8550600000000	-13.021971473927
2.8550700000000	-13.209008390503
2.8550800000000	-13.400647526275
2.8550900000000	-13.594461792656
2.8551000000000	-13.790487990109
2.8551100000000	-13.991102274892
2.8551200000000	-14.194094968927
2.8551300000000	-14.399510311265
2.8551400000000	-14.609494147128
2.8551500000000	-14.822079059568
2.8551600000000	-15.037317893852
2.8551700000000	-15.257100593570
2.8551800000000	-15.479728889722
2.8551900000000	-15.705265587987
2.8552000000000	-15.935316982242
2.8552100000000	-16.168483170406
2.8552200000000	-16.404838493656
2.8552300000000	-16.645675358476
2.8552400000000	-16.889924142924
2.8552500000000	-17.137672561755
2.8552600000000	-17.389866002163
2.8552700000000	-17.645800171737
2.8552800000000	-17.905578311166
2.8552900000000	-18.169762271357
2.8553000000000	-18.438051812119
2.8553100000000	-18.710568230144
2.8553200000000	-18.987449342009
2.8553300000000	-19.268842008714
2.8553400000000	-19.554888568694
2.8553500000000	-19.845257601393
2.8553600000000	-20.140591237824
2.8553700000000	-20.441056395868
2.8553800000000	-20.745801628800
2.8553900000000	-21.056018592314
2.8554000000000	-21.371902992302
2.8554100000000	-21.692025901277
2.8554200000000	-22.018190019228
2.8554300000000	-22.350624865750
2.8554400000000	-22.687258581876
2.8554500000000	-23.030575140643
2.8554600000000	-23.380843896259
2.8554700000000	-23.735274954973
2.8554800000000	-24.097114276284
2.8554900000000	-24.466678278393
2.8555000000000	-24.840372188187
2.8555100000000	-25.222297341477
2.8555200000000	-25.612825903273
2.8555300000000	-26.007456956743
2.8555400000000	-26.411255993425
2.8555500000000	-26.824661320288
2.8555600000000	-27.242146682055
2.8555700000000	-27.669869254216
2.8555800000000	-28.108345810009
2.8555900000000	-28.550882897399
2.8556000000000	-29.004879788937
2.8556100000000	-29.470946010196
2.8556200000000	-29.941049773391
2.8556300000000	-30.424010747543
2.8556400000000	-30.920546961056
2.8556500000000	-31.421078196399
2.8556600000000	-31.936056479269
2.8556700000000	-32.466323713626
2.8556800000000	-33.000487282170
2.8556900000000	-33.550883097715
2.8557000000000	-34.118486837421
2.8557100000000	-34.689751225365
2.8557200000000	-35.279191096100
2.8557300000000	-35.887907524730
2.8557400000000	-36.499735687654
2.8557500000000	-37.131704054421
2.8557600000000	-37.784981827085
2.8557700000000	-38.440126289241
2.8557800000000	-39.117028328966
2.8557900000000	-39.816749175659
2.8558000000000	-40.515570017535
2.8558100000000	-41.236531687296
2.8558200000000	-41.980147469482
2.8558300000000	-42.716853261700
2.8558400000000	-43.472915273656
2.8558500000000	-44.247370652122
2.8558600000000	-45.002440279207
2.8558700000000	-45.767391898638
2.8558800000000	-46.538391178142
2.8558900000000	-47.266806728454
2.8559000000000	-47.985257274239
2.8559100000000	-48.686850481130
2.8559200000000	-49.312549342153
2.8559300000000	-49.902508715533
2.8559400000000	-50.451910825881
2.8559500000000	-50.899343714373
2.8559600000000	-51.300674151382
2.8559700000000	-51.660762755883
2.8559800000000	-51.923228723103
2.8559900000000	-52.159327469439
2.8560000000000	-52.380925160441
2.8560100000000	-52.531598735589
2.8560200000000	-52.688187726362
2.8560300000000	-52.861848200127
2.8560400000000	-52.988443156775
2.8560500000000	-53.146132751807
2.8560600000000	-53.343311110469
2.8560700000000	-53.504214613564
2.8560800000000	-53.710930107586
2.8560900000000	-53.970147215823
2.8561000000000	-54.189123241862
2.8561100000000	-54.458240006878
2.8561200000000	-54.781703874262
2.8561300000000	-55.035779533934
2.8561400000000	-55.322176263543
2.8561500000000	-55.635018495615
2.8561600000000	-55.791568588696
2.8561700000000	-55.910101240735
2.8561800000000	-55.967772466429
2.8561900000000	-55.760614757063
2.8562000000000	-55.436635159954
2.8562100000000	-54.888656382996
2.8562200000000	-54.104994848214
2.8562300000000	-53.267777527934
2.8562400000000	-52.404301132185
2.8562500000000	-51.365662993846
2.8562600000000	-50.365085022161
2.8562700000000	-49.407140875881
2.8562800000000	-48.360910373669
2.8562900000000	-47.379827801141
2.8563000000000	-46.457166954583
2.8563100000000	-45.481518532508
2.8563200000000	-44.568998362602
2.8563300000000	-43.711544706617
2.8563400000000	-42.815930414033
2.8563500000000	-41.975226088823
2.8563600000000	-41.182529438644
2.8563700000000	-40.359371579947
2.8563800000000	-39.583066501938
2.8563900000000	-38.848071219989
2.8564000000000	-38.087605811287
2.8564100000000	-37.367268150236
2.8564200000000	-36.682628797972
2.8564300000000	-35.976272048210
2.8564400000000	-35.304595460548
2.8564500000000	-34.664023584466
2.8564600000000	-34.004782206983
2.8564700000000	-33.375791466143
2.8564800000000	-32.774128641166
2.8564900000000	-32.156364074104
2.8565000000000	-31.565202232369
2.8565100000000	-30.998226242822
2.8565200000000	-30.417351995247
2.8565300000000	-29.860034260330
2.8565400000000	-29.324255020315
2.8565500000000	-28.776489981949
2.8565600000000	-28.249705400943
2.8565700000000	-27.742202923694
2.8565800000000	-27.224389624351
2.8565900000000	-26.725354568292
2.8566000000000	-26.243659248330
2.8566100000000	-25.753132865697
2.8566200000000	-25.279484696145
2.8566300000000	-24.821489999961
2.8566400000000	-24.355983263693
2.8566500000000	-23.905702500282
2.8566600000000	-23.469600623161
2.8566700000000	-23.027173428263
2.8566800000000	-22.598525635918
2.8566900000000	-22.182759089167
2.8567000000000	-21.761745123416
2.8567100000000	-21.353236449909
2.8567200000000	-20.956460710253
2.8567300000000	-20.555425933428
2.8567400000000	-20.165768195955
2.8567500000000	-19.786822111172
2.8567600000000	-19.404531613478
2.8567700000000	-19.032614152172
2.8567800000000	-18.670495845565
2.8567900000000	-18.305886706726
2.8568000000000	-17.950753082355
2.8568100000000	-17.604599782478
2.8568200000000	-17.256758262662
2.8568300000000	-16.917586436316
2.8568400000000	-16.586657108210
2.8568500000000	-16.254798968980
2.8568600000000	-15.930883975275
2.8568700000000	-15.614543930939
2.8568800000000	-15.297997003627
2.8568900000000	-14.988735386641
2.8569000000000	-14.686442265236
2.8569100000000	-14.384630613745
2.8569200000000	-14.089506086142
2.8569300000000	-13.800796754781
2.8569400000000	-13.513225956843
2.8569500000000	-13.231795892810
2.8569600000000	-12.956273950055
2.8569700000000	-12.682517168035
2.8569800000000	-12.414399670756
2.8569900000000	-12.151723351356
2.8570000000000	-11.891407993081
2.8570100000000	-11.636269394141
2.8570200000000	-11.386139780519
2.8570300000000	-11.138934669532
2.8570400000000	-10.896477426932
2.8570500000000	-10.658626974923
2.8570600000000	-10.424230057117
2.8570700000000	-10.194181117962
2.8570800000000	-9.9683625960929
2.8570900000000	-9.7464893046599
2.8571000000000	-9.5285890847786
2.8571100000000	-9.3145651055029
2.8571200000000	-9.1049375812558
2.8571300000000	-8.8989297806892
2.8571400000000	-8.6964631601245
2.8571500000000	-8.4988005738713
2.8571600000000	-8.3044230869060
2.8571700000000	-8.1132683003490
2.8571800000000	-7.9272785415614
2.8571900000000	-7.7442557280823
2.8572000000000	-7.5641517275028
2.8572100000000	-7.3895247056995
2.8572200000000	-7.2175612633119
2.8572300000000	-7.0482258872483
2.8572400000000	-6.8846286398981
2.8572500000000	-6.7234052564494
2.8572600000000	-6.5645313960594
2.8572700000000	-6.4116051142409
2.8572800000000	-6.2607759927873
2.8572900000000	-6.1120295860976
2.8573000000000	-5.9693885668385
2.8573100000000	-5.8285808114410
2.8573200000000	-5.6896006337132
2.8573300000000	-5.5568330581574
2.8573400000000	-5.4256478011038
2.8573500000000	-5.2960469140374
2.8573600000000	-5.1727172472008
2.8573700000000	-5.0507323003587
2.8573800000000	-4.9301009306002
2.8573900000000	-4.8157536544727
2.8574000000000	-4.7025273906513
2.8574100000000	-4.5904369388335
2.8574200000000	-4.4846012742840
2.8574300000000	-4.3796773965427
2.8574400000000	-4.2756852380082
2.8574500000000	-4.1778804872910
2.8574600000000	-4.0807933282664
2.8574700000000	-3.9844480581896
2.8574800000000	-3.8941892080021
2.8574900000000	-3.8044692154280
2.8575000000000	-3.7153160107757
2.8575100000000	-3.6321192711822
2.8575200000000	-3.5492983751041
2.8575300000000	-3.4668841884790
2.8575400000000	-3.3902721978456
2.8575500000000	-3.3138888110521
2.8575600000000	-3.2377671683434
2.8575700000000	-3.1672736603781
2.8575800000000	-3.0968771285611
2.8575900000000	-3.0266123662271
2.8576000000000	-2.9617861637144
2.8576100000000	-2.8969405475541
2.8576200000000	-2.8321113881850
2.8576300000000	-2.7725196522886
2.8576400000000	-2.7128067842119
2.8576500000000	-2.6530092059119
2.8576600000000	-2.5982399254791
2.8576700000000	-2.5432617351031
2.8576800000000	-2.4881111374083
2.8576900000000	-2.4377748865551
2.8577000000000	-2.3871550285255
2.8577100000000	-2.3362877335692
2.8577200000000	-2.2900187575278
2.8577300000000	-2.2434036037246
2.8577400000000	-2.1964777561214
2.8577500000000	-2.1539344654087
2.8577600000000	-2.1109935405485
2.8577700000000	-2.0676894841245
2.8577800000000	-2.0285544472158
2.8577900000000	-1.9889803951394
2.8578000000000	-1.9490006109027
2.8578100000000	-1.9129801377623
2.8578200000000	-1.8764883064643
2.8578300000000	-1.8395569958496
2.8578400000000	-1.8063804010545
2.8578500000000	-1.7727081303302
2.8578600000000	-1.7385705230476
2.8578700000000	-1.7079891497321
2.8578800000000	-1.6768948376458
2.8578900000000	-1.6453162956494
2.8579000000000	-1.6171023717350
2.8579100000000	-1.5883643866332
2.8579200000000	-1.5591293664965
2.8579300000000	-1.5330747540525
2.8579400000000	-1.5064902486786
2.8579500000000	-1.4794011748991
2.8579600000000	-1.4553160627790
2.8579700000000	-1.4306997369182
2.8579800000000	-1.4055758291586
2.8579900000000	-1.3832874090287
2.8580000000000	-1.3604702577969
2.8580100000000	-1.3371463462536
2.8580200000000	-1.3164974238757
2.8580300000000	-1.2953254244255
2.8580400000000	-1.2736507071812
2.8580500000000	-1.2544986778367
2.8580600000000	-1.2348318243940
2.8580700000000	-1.2146689579248
2.8580800000000	-1.1968843308418
2.8580900000000	-1.1785952365748
2.8581000000000	-1.1598190111762
2.8581100000000	-1.1432843474722
2.8581200000000	-1.1262572411542
2.8581300000000	-1.1087536331420
2.8581400000000	-1.0933624658334
2.8581500000000	-1.0774921694857
2.8581600000000	-1.0611573737613
2.8581700000000	-1.0468132032944
2.8581800000000	-1.0320041802973
2.8581900000000	-1.0167437088002
2.8582000000000	-1.0033590748674
2.8582100000000	-0.98952454924846
2.8582200000000	-0.97525239590416
2.8582300000000	-0.96274802436429
2.8582400000000	-0.94980917017836
2.8582500000000	-0.93644704132986
2.8582600000000	-0.92475106368949
2.8582700000000	-0.91263626218472
2.8582800000000	-0.90011287035276
2.8582900000000	-0.88916011231886
2.8583000000000	-0.87780427367624
2.8583100000000	-0.86605469169234
2.8583200000000	-0.85578602673843
2.8583300000000	-0.84512997266750
2.8583400000000	-0.83409504475553
2.8583500000000	-0.82445680829630
2.8583600000000	-0.81444671145477
2.8583700000000	-0.80407251753059
2.8583800000000	-0.79501597720052
2.8583900000000	-0.78560285327877
2.8584000000000	-0.77584022265406
2.8584100000000	-0.76732110019420
2.8584200000000	-0.75846034853735
2.8584300000000	-0.74926441921332
2.8584400000000	-0.74124245959404
2.8584500000000	-0.73289344833105
2.8584600000000	-0.72422326817131
2.8584700000000	-0.71666185178592
2.8584800000000	-0.70878754362331
2.8584900000000	-0.70060570985420
2.8585000000000	-0.69347150385061
2.8585100000000	-0.68603811888777
2.8585200000000	-0.67831045256999
2.8585300000000	-0.67157309766153
2.8585400000000	-0.66454980985134
2.8585500000000	-0.65724506219173
2.8585600000000	-0.65087689155982
2.8585700000000	-0.64423555566518
2.8585800000000	-0.63732514325852
2.8585900000000	-0.63130093045260
2.8586000000000	-0.62501583662621
2.8586100000000	-0.61847360296638
2.8586200000000	-0.61277033596796
2.8586300000000	-0.60681798932713
2.8586400000000	-0.60061999013923
2.8586500000000	-0.59521666903604
2.8586600000000	-0.58957559184240
2.8586700000000	-0.58369990202458
2.8586800000000	-0.57857735798613
2.8586900000000	-0.57322791228168
2.8587000000000	-0.56765445245164
2.8587100000000	-0.56279518593323
2.8587200000000	-0.55771941469567
2.8587300000000	-0.55242979554059
2.8587400000000	-0.54781783187226
2.8587500000000	-0.54299931696604
2.8587600000000	-0.53797669978607
2.8587700000000	-0.53359746050530
2.8587800000000	-0.52902119588756
2.8587900000000	-0.52425016790131
2.8588000000000	-0.52009035638398
2.8588100000000	-0.51574263521869
2.8588200000000	-0.51120909836944
2.8588300000000	-0.50725659849321
2.8588400000000	-0.50312491298341
2.8588500000000	-0.49881598514210
2.8588600000000	-0.49505977188696
2.8588700000000	-0.49113272480546
2.8588800000000	-0.48703665242306
2.8588900000000	-0.48346671347223
2.8589000000000	-0.47973394051764
2.8589100000000	-0.47584002191766
2.8589200000000	-0.47244728947521
2.8589300000000	-0.46889939173061
2.8589400000000	-0.46519791038036
2.8589500000000	-0.46197420257185
2.8589600000000	-0.45860268848303
2.8589700000000	-0.45508485572133
2.8589800000000	-0.45202282708514
2.8589900000000	-0.44882006352438
2.8590000000000	-0.44547797036039
2.8590100000000	-0.44257107108868
2.8590200000000	-0.43953024321186
2.8590300000000	-0.43635682096075
2.8590400000000	-0.43359926469901
2.8590500000000	-0.43071434445710
2.8590600000000	-0.42770333412929
2.8590700000000	-0.42509007430436
2.8590800000000	-0.42235579763703
2.8590900000000	-0.41950172816885
2.8591000000000	-0.41702844299141
2.8591100000000	-0.41444029590946
2.8591200000000	-0.41173847150536
2.8591300000000	-0.40940155798944
2.8591400000000	-0.40695577195853
2.8591500000000	-0.40440226903642
2.8591600000000	-0.40219884660411
2.8591700000000	-0.39989240387980
2.8591800000000	-0.39748407835466
2.8591900000000	-0.39541200285985
2.8592000000000	-0.39324265270662
2.8592100000000	-0.39097715865244
2.8592200000000	-0.38903504797655
2.8592300000000	-0.38700133504089
2.8592400000000	-0.38487715613337
2.8592500000000	-0.38306442889160
2.8592600000000	-0.38116573541970
2.8592700000000	-0.37918223100899
2.8592800000000	-0.37749916038969
2.8592900000000	-0.37573576449792
2.8593000000000	-0.37389323272622
2.8593100000000	-0.37234101808655
2.8593200000000	-0.37071417094532
2.8593300000000	-0.36901393203068
2.8593400000000	-0.36759479163889
2.8593500000000	-0.36610681726718
2.8593600000000	-0.36455132098678
2.8593700000000	-0.36326861028137
2.8593800000000	-0.36192303271793
2.8593900000000	-0.36051599529161
2.8594000000000	-0.35937435629923
2.8594100000000	-0.35817606030965
2.8594200000000	-0.35692263741588
2.8594300000000	-0.35592818662638
2.8594400000000	-0.35488361992598
2.8594500000000	-0.35379062458205
2.8594600000000	-0.35295118876552
2.8594700000000	-0.35206861614681
2.8594800000000	-0.35114479284574
2.8594900000000	-0.35047020519572
2.8595000000000	-0.34976002815341
2.8595100000000	-0.34901639819494
2.8595200000000	-0.34851887106996
2.8595300000000	-0.34799403082664
2.8595400000000	-0.34744432856450
2.8595500000000	-0.34713892435166
2.8595600000000	-0.34681541202553
2.8595700000000	-0.34647663825311
2.8595800000000	-0.34638186703843
2.8595900000000	-0.34627937267983
2.8596000000000	-0.34617250029716
2.8596100000000	-0.34631108287892
2.8596200000000	-0.34645382612585
2.8596300000000	-0.34660470558290
2.8596400000000	-0.34700455404818
2.8596500000000	-0.34742235451070
2.8596600000000	-0.34786288379406
2.8596700000000	-0.34855837107298
2.8596800000000	-0.34928803817695
2.8596900000000	-0.35005768650387
2.8597000000000	-0.35109130350900
2.8597100000000	-0.35217845627001
2.8597200000000	-0.35332626546801
2.8597300000000	-0.35475080336354
2.8597400000000	-0.35625227473581
2.8597500000000	-0.35783951249997
2.8597600000000	-0.35972096398318
2.8597700000000	-0.36170800858568
2.8597800000000	-0.36381172101166
2.8597900000000	-0.36623317689786
2.8598000000000	-0.36879579511151
2.8598100000000	-0.37151361377967
2.8598200000000	-0.37458055300623
2.8598300000000	-0.37783338418576
2.8598400000000	-0.38129010371587
2.8598500000000	-0.38513765681889
2.8598600000000	-0.38922810378671
2.8598700000000	-0.39358478730734
2.8598800000000	-0.39838782765104
2.8598900000000	-0.40350739119057
2.8599000000000	-0.40897412723903
2.8599100000000	-0.41496146054885
2.8599200000000	-0.42136174407293
2.8599300000000	-0.42821573607756
2.8599400000000	-0.43569029289061
2.8599500000000	-0.44370587090278
2.8599600000000	-0.45231738933175
2.8599700000000	-0.46168528733202
2.8599800000000	-0.47176674086362
2.8599900000000	-0.48263674620194
2.8600000000000	-0.49444952533295
